0.9909854145	13 19
0.6829854145	27 19
0.6729854145	12 19
0.6579854145	0 19
0.6410000000	19 13
0.5197017544	19 10
0.5013040936	10 19
0.4889854145	30 19
0.4609854145	47 0
0.4419854145	27 13
0.4389854145	27 13 20
0.4389854145	12 27 13
0.4389854145	47 27
0.4338000000	19 8231
0.4309854145	76 27 13
0.4289854145	0 27
0.4289854145	12 27
0.4289854145	10 27
0.4279854145	19 20
0.4259854145	262 19
0.4219854145	30 27
0.4193976608	19 76
0.4099854145	76 27
0.4039854145	13 35074 3974
0.4039854145	13 35074 8287
0.4011854145	0 19 10
0.3999854145	19 53
0.3960000000	19 1228
0.3915877537	0 27 19
0.3915877537	12 27 19
0.3915017544	19 55542
0.3849854145	19 802
0.3785877537	0 15
0.3745877537	19 13623
0.3735877537	76 19
0.3711040936	47 19
0.3565017544	27 17
0.3547017544	10 13
0.3495877537	586 2755
0.3495877537	586 15102
0.3393012040	76 13 2773 0
0.3375877537	76 13 483 0 19 20
0.3367017544	13 10
0.3353012040	76 27 13 483
0.3345877537	28007 76 27 6518 28989 9317 39208 84 7 1802 218 1852 6114 10 373 633
0.3345877537	13 54078 19 1228 22324 54079 19 490 53640 13
0.3345877537	7961 13 4034 15719 19 20 14380 7961
0.3345877537	611 1006 758 0 19 20 9105
0.3345877537	13 7199 12 586 611
0.3345877537	53640 13 54078 19 1228
0.3345877537	22324 54079 19 490 53640
0.3345877537	54078 19 1228 22324 54079
0.3345877537	13 278 884 1254
0.3345877537	20 14380 7961
0.3345877537	586 982
0.3345877537	7958 1852
0.3345877537	209 9203
0.3345877537	1311 74
0.3345877537	28989 9317 39208
0.3333012040	7961 13 4034 15719
0.3325877537	33165 13 6073
0.3313012040	10440 2047 12
0.3211040936	13 483
0.3159035432	47 27 13
0.3131040936	54079 19 490
0.3091040936	33165 13
0.3091040936	13 35074
0.3091040936	53640 13
0.3091040936	23957 13
0.3091040936	5295 13
0.3081040936	19 4870
0.3061040936	19 278
0.2991040936	19 490
0.2941040936	1521 19
0.2941040936	1411 19
0.2939035432	27 19 54704
0.2919035432	134 27 19
0.2869035432	27 19 44155
0.2854198830	19 1950
0.2841035432	0 27 13
0.2812836601	30 27 19
0.2809854145	47 47
0.2809035432	47 19 20 2729 13
0.2809035432	13 483 0 19 20
0.2799035432	76 27 13 483 0 19
0.2799035432	13 7199 12 586 611 4751
0.2799035432	76 13 483 0 19
0.2799035432	5295 13 5308 19
0.2799035432	13 20 274 47
0.2799035432	209 5952
0.2789035432	76 13 2773 0 19
0.2779035432	76 27 13 15195
0.2779035432	23957 13 13623 12
0.2779035432	5295 13 5296 30
0.2769035432	23957 13 13623
0.2762836601	47 13 20 19 20
0.2744198830	19 2960
0.2744198830	19 44155
0.2741976608	13 17
0.2738813209	27 13 0
0.2721976608	2047 12
0.2721035432	10 27 13
0.2719854145	12 13
0.2712836601	27 13 20 27
0.2699035432	19 13623 33165 13 6073
0.2699035432	13 17 0 19
0.2699035432	19 20 14380 7961
0.2679035432	1297 17
0.2662836601	13 35074 3974 586
0.2658813209	76 27 13 483 0
0.2654198830	7 15 504
0.2651976608	17 0
0.2649035432	10440 2047 12 19
0.2639854145	0 19 20
0.2639035432	53640 13 54078 19 1228 22324 54079 19 490 53640
0.2639035432	28989 9317 39208 84 7 1802 218 1852
0.2639035432	54078 19 1228 22324 54079 19 490
0.2639035432	19 20 2729 13 20
0.2639035432	7 15 504 446 3596
0.2639035432	54079 19 490 53640 13
0.2639035432	15719 19 20 14380 7961
0.2639035432	13 35074 8287 1311
0.2639035432	13 4034 19
0.2639035432	7961 13 4034
0.2639035432	586 611 4751
0.2639035432	7961 47 7961
0.2639035432	504 446
0.2634198830	446 3596
0.2632836601	19 55542 76
0.2629035432	19 490 53640 13
0.2629035432	13 3293 610 27
0.2629035432	19 1228 22324
0.2629035432	76 13 4034
0.2592836601	13 483 0 19
0.2582836601	7961 13 4034 15719 19 20
0.2582836601	27 13 8212 0 19
0.2582836601	27 13 483 0 19
0.2582836601	7961 13 4034 15719 19
0.2579854145	47 13
0.2562836601	28989 9317 39208 84 7
0.2562836601	27 23957 13 13623
0.2562836601	28989 9317 39208 84
0.2554198830	27 19 8231
0.2554198830	311 19
0.2554198830	953 19
0.2554198830	5498 19
0.2554198830	128 19
0.2554198830	2598 19
0.2552836601	76 27 13 8212 0
0.2552836601	76 13 483 0
0.2544198830	13 20 274
0.2544198830	15719 19 20
0.2544198830	19 1475
0.2544198830	19 3253
0.2544198830	19 455
0.2544198830	19 1076
0.2534198830	19 20 12791
0.2524198830	28007 76 27
0.2524198830	17 12
0.2494836601	13 12 19
0.2494198830	19 1935
0.2494198830	19 129
0.2494198830	19 6177
0.2474836601	47 27 19
0.2474198830	19 54704
0.2454198830	19 1421
0.2424198830	19 1350
0.2414836601	27 13 0 19
0.2414836601	10 27 19
0.2404836601	12 27 13 20
0.2404836601	27 13 10 27
0.2398000000	20 10 27
0.2394836601	13 20 27
0.2394836601	47 47 0
0.2394836601	47 47 27
0.2394836601	0 19 0
0.2393976608	19 0
0.2384836601	0 19 10 27
0.2384836601	12 19 10
0.2384836601	19 20 27
0.2384836601	12 13 10
0.2378000000	483 0 19 20
0.2378000000	76 27 13 8212
0.2378000000	2047 12 19
0.2378000000	1802 218 1852
0.2378000000	13 7199
0.2378000000	13 4034
0.2368000000	27 13 7199
0.2368000000	27 13 483
0.2368000000	0 13 35074
0.2368000000	483 169
0.2358000000	74 0
0.2358000000	483 0
0.2354836601	19 20 10 27
0.2338000000	504 446 3596
0.2309854145	218 27
0.2309854145	134 27
0.2304836601	27 13 17 0
0.2293976608	76 27 13 0
0.2293976608	13 0
0.2293976608	20 27
0.2283976608	7961 47
0.2278000000	547 19
0.2278000000	5587 19
0.2278000000	9159 19
0.2278000000	2342 19
0.2278000000	209 19
0.2278000000	3006 19
0.2278000000	715 19
0.2278000000	3661 19
0.2268000000	17 0 19
0.2268000000	19 833
0.2268000000	19 1258
0.2268000000	19 1165
0.2268000000	19 1842
0.2268000000	19 311
0.2268000000	17 13
0.2268000000	1530 19
0.2268000000	1569 19
0.2248000000	19 87
0.2248000000	19 456
0.2213976608	10 0
0.2209854145	5295 13 5308
0.2139854145	76 13
0.2129854145	89 27
0.2109854145	13 20
0.2090000000	47 47 47
0.2070000000	27 19 13
0.2070000000	27 13 19
0.2060000000	12 27 13 10
0.2059854145	52 27
0.2059854145	262 27
0.2050000000	13 47
0.2043012040	13 0 19 20
0.2040000000	20 19 20
0.2040000000	47 0 19
0.2040000000	586 611
0.2040000000	47 7961
0.2040000000	20 13
0.2040000000	0 13
0.2030000000	27 13 20 19
0.2030000000	27 19 20
0.2030000000	27 23957 13
0.2030000000	12 47
0.2030000000	27 7391
0.2030000000	20 19
0.2030000000	27 47
0.2020000000	13 10 27
0.2020000000	13 0 27
0.2020000000	13 483 0
0.2020000000	47 0 27
0.2020000000	15 19
0.2020000000	19 47
0.2020000000	47 10
0.2020000000	20 0
0.2019854145	52 13
0.2019854145	169 13
0.2015877537	13 0 19
0.2010000000	10 0 27
0.2010000000	27 19 10
0.2010000000	27 19 13623
0.2010000000	12 19 0
0.2010000000	19 0 27
0.2010000000	27 13 10
0.2010000000	27 13 12
0.2010000000	19 10 27
0.2010000000	30 89
0.1990000000	17 0 19 20
0.1990000000	42 19
0.1990000000	169 19
0.1980000000	2039 19
0.1980000000	23 19
0.1980000000	4034 19
0.1970000000	218 19
0.1970000000	52 19
0.1970000000	19 300
0.1970000000	19 743
0.1970000000	19 23
0.1970000000	134 19
0.1970000000	1493 19
0.1970000000	89 19
0.1960000000	19 30
0.1950000000	19 25
0.1950000000	19 169
0.1950000000	17 7
0.1950000000	19 218
0.1950000000	19 7
0.1950000000	19 262
0.1950000000	19 89
0.1950000000	17 10
0.1950000000	19 52
0.1950000000	19 134
0.1950000000	17 30
0.1935877537	12 19 20
0.1909854145	169 27
0.1855877537	13 20 19 20
0.1849854145	13 802
0.1849854145	139 7
0.1849854145	304 52
0.1849854145	54 7
0.1849854145	1134 52
0.1849854145	27 43
0.1725017544	77 12
0.1699854145	586 839
0.1699854145	586 936
0.1699854145	333 89
0.1655017544	47 139
0.1655017544	134 13
0.1653012040	47 13 20
0.1623012040	30 19 20
0.1609854145	456 54
0.1609854145	89 403 89
0.1609854145	99 89
0.1605017544	13 490
0.1575877537	13 20 19
0.1543012040	13 8212 0 19
0.1535017544	13 827
0.1535017544	2029 30
0.1515877537	5295 13 5408
0.1515877537	23957 13 23958
0.1515877537	33165 13 33166
0.1515877537	54079 19 490 53640 13 54078
0.1495017544	508 12
0.1495017544	47 316
0.1485877537	76 13 19
0.1471040936	7 27
0.1463012040	27 13 17
0.1445877537	52 27 13
0.1445017544	128 13
0.1445017544	564 30
0.1443012040	76 13 0 19
0.1405877537	5295 13 5296
0.1405877537	5295 13 5316
0.1403012040	0 19 20 586 988
0.1395877537	23607 13899 47
0.1375877537	5295 13 5347
0.1335877537	139 25
0.1335877537	134 15
0.1335877537	169 15
0.1335877537	25 199
0.1335877537	7 15
0.1285877537	1079 12 27
0.1285877537	508 12 27
0.1285877537	47 54
0.1285017544	29 30
0.1275877537	47 19 1935 13 20
0.1265877537	218 737
0.1265877537	218 1852
0.1265877537	218 1995
0.1265877537	218 314
0.1265877537	15 586
0.1265877537	84 7
0.1233012040	13 7 26
0.1206813209	76 13 0
0.1205877537	47 139 7
0.1205877537	47 54 7
0.1203012040	19 20 586 988
0.1195877537	453 0 19 20
0.1195877537	646 89 15
0.1195877537	1189 89
0.1189035432	30 27 13
0.1181040936	25 27
0.1175877537	564 30 19
0.1175877537	18 0 19 20
0.1175877537	54 646
0.1175877537	30 495
0.1175877537	1372 134
0.1175877537	25 37
0.1173012040	27 77 12
0.1173012040	128 19 1935
0.1163012040	27 455 12
0.1163012040	12 13 6175 758
0.1163012040	7 1378 0
0.1163012040	7 26 0
0.1163012040	76 27 77 12
0.1163012040	54 564 30
0.1159035432	76 13 0 19 20
0.1143012040	13 4697 2039
0.1129035432	76 27 19
0.1125877537	47 19 20 23603 13 278 884 1254 23604 13899
0.1125877537	33165 13 33169
0.1119035432	76 13 2773
0.1119035432	76 13 483
0.1118175439	9 12 27
0.1115877537	89 199
0.1115877537	89 15
0.1115877537	607 43
0.1115877537	25 15
0.1115877537	27 32 33
0.1108175439	1678 12 27
0.1105877537	19 20 23603 13 278 884 1254 23604 13899 47
0.1105877537	19 20 2729 13 278 884 1254 23604 13899 47
0.1105877537	47 19 1935 13
0.1091040936	218 15
0.1085877537	1521 19 1421
0.1085877537	128 19 490
0.1085877537	1411 19 1421
0.1073012040	13 6175 758
0.1073012040	1254 23607 13899
0.1073012040	3364 9593
0.1071040936	47 645
0.1068175439	646 169
0.1063040936	12 15
0.1051040936	316 27
0.1051040936	12 42
0.1051040936	12 607
0.1045877537	52150 13 52256
0.1045877537	743 5406
0.1045877537	128 13 490
0.1045877537	427 12 428
0.1045877537	1254 23604 13899
0.1045877537	586 839 455
0.1045877537	9533 615
0.1045877537	32 2635
0.1045877537	32 2169
0.1045877537	32 33
0.1045877537	2091 9
0.1045877537	911 2489
0.1045877537	754 755
0.1045877537	754 842
0.1045877537	47 19 1935 2229 13
0.1043012040	7 1802 76
0.1038175439	37 0
0.1038175439	1678 12
0.1031040936	53527 13
0.1028175439	1275 0
0.1028175439	63 12
0.1028175439	5640 27
0.1028175439	1082 12
0.1028175439	4214 52
0.1028175439	1096 30
0.1028175439	758 0
0.1028175439	13 479
0.1028175439	1934 12
0.1028175439	2181 47
0.1028175439	1273 0
0.1028175439	47 300
0.1025877537	0 1180 30
0.1025877537	610 1802 76 27 13 1850 17022 77 12 19
0.1025877537	19 20 23603 13
0.1025877537	2704 13 13617
0.1025877537	519 344
0.1025877537	191 344
0.1025877537	858 495
0.1025877537	87 344
0.1025877537	674 671
0.1025877537	3327 287
0.1025877537	234 495
0.1025877537	1157 1158
0.1025877537	15 3448 12
0.1025877537	456 645
0.1021040936	1197 12
0.1013012040	89 508 12
0.1009035432	76 13 479
0.1001040936	300 27
0.0991040936	47 230
0.0991040936	418 27
0.0991040936	2622 12
0.0988175439	55 12
0.0988175439	20 17437
0.0988175439	18 218
0.0979035432	47 19 20 23606 13 20
0.0971040936	19 20 23606
0.0971040936	10 486
0.0971040936	323 27
0.0971040936	27 2045
0.0971040936	27 586
0.0971040936	27 2085
0.0971040936	178 27
0.0969035432	27 13 15195 47
0.0958175439	12 27 9159
0.0958175439	13 15195
0.0958175439	13 1350
0.0958175439	17437 47
0.0958175439	290 12
0.0958175439	7 1378
0.0958175439	7 1802
0.0951040936	20 23601
0.0941040936	862 12
0.0941040936	6465 12
0.0921040936	27 2185
0.0921040936	27 4217
0.0921040936	27 150
0.0918175439	0 19 20 2181
0.0902836601	12 13 19
0.0871040936	13 52385
0.0871040936	23606 13 20
0.0871040936	586 4224
0.0871040936	13 52256
0.0871040936	13 4388
0.0871040936	13 1265
0.0871040936	13 23958
0.0871040936	13 13617
0.0871040936	13 5308
0.0871040936	13 33166
0.0871040936	13 14654
0.0871040936	13 129
0.0871040936	13 5316
0.0871040936	4224 13
0.0871040936	23601 13
0.0871040936	1254 23607
0.0871040936	13568 13
0.0871040936	3409 30
0.0871040936	52150 13
0.0871040936	1923 30
0.0869035432	13 2773 0 19 20
0.0868813209	19 20 10
0.0868813209	13 2773 0
0.0863040936	10 15
0.0859035432	0 19 20 586 988 47
0.0859035432	13 2773 0 19
0.0859035432	13 20 15
0.0859035432	134 27 13
0.0859035432	218 27 13
0.0859035432	52 27 19
0.0851040936	27 1003
0.0851040936	27 1655
0.0849035432	0 19 20 586 936
0.0834198830	3661 19 20
0.0832836601	218 27 19
0.0826813209	27 350 12
0.0826813209	10 4214 52
0.0809035432	47 19 20 2729 13 278 884 1254 23604 13899
0.0809035432	33165 13 6073 1217
0.0802836601	47 13 20 19
0.0779035432	47 19 20 23601 13 20
0.0769035432	169 13 0 19
0.0742836601	27 13 483 0
0.0739035432	13 20 84
0.0739035432	42 43
0.0739035432	218 632
0.0731976608	27 19 53
0.0729035432	77 12 19 20
0.0729035432	76 13 802
0.0729035432	27 19 833
0.0729035432	4214 52 13
0.0729035432	27 43 291
0.0729035432	54 191
0.0729035432	139 234
0.0729035432	87 214
0.0729035432	537 610
0.0729035432	1540 607
0.0729035432	9 12 27 13
0.0729035432	1678 12 27 13
0.0729035432	13 802 1076
0.0729035432	47 54 214
0.0729035432	18 218 27
0.0729035432	2029 30 27
0.0729035432	76 27 291
0.0729035432	77 12 19
0.0729035432	1934 12 13
0.0729035432	27 4217 1197
0.0729035432	456 139
0.0729035432	1129 191
0.0729035432	54 87
0.0729035432	84 54
0.0729035432	84 25
0.0729035432	84 191
0.0729035432	25 214
0.0722836601	19 20 2729 13
0.0714198830	27 19 1842
0.0709035432	30 19 30
0.0704198830	13 3293
0.0704198830	13 6073
0.0701976608	19 20 456
0.0699035432	19 20 23606 13 20
0.0691035432	13 20 10
0.0683040936	10 7
0.0674198830	52180 13
0.0671976608	1160 12
0.0671976608	1802 76
0.0669035432	18 0 19
0.0669035432	218 228
0.0669035432	218 1599
0.0669035432	485 54
0.0669035432	537 255
0.0669035432	25 3104
0.0669035432	227 203
0.0661976608	4034 0
0.0659035432	128 13 20
0.0659035432	580 185
0.0658813209	169 13 0
0.0652836601	47 19 20 2729 13 278 884
0.0651976608	19 20 2181
0.0644836601	12 13 0 19
0.0642836601	13 479 19
0.0639035432	13 1850 17022
0.0639035432	7391 1787
0.0639035432	1415 318
0.0628813209	13 6175 758 0
0.0621976608	1802 76 27
0.0621976608	455 12
0.0621976608	540 0
0.0621976608	1546 0
0.0621976608	1096 12
0.0612836601	76 13 20
0.0612836601	169 27 19
0.0612836601	262 27 13
0.0612836601	262 27 19
0.0612836601	169 27 13
0.0589035432	76 27 77 12 19
0.0589035432	13 827 12
0.0589035432	19 1935 13
0.0589035432	99 89 27
0.0589035432	262 19 30
0.0589035432	19 53 13
0.0589035432	47 139 25
0.0589035432	27 13 8212 0 19 20
0.0589035432	27 455 12 19
0.0589035432	27 77 12 19
0.0589035432	12 19 802
0.0589035432	27 586 839
0.0589035432	76 27 13 8212 0 19
0.0584836601	47 19 20
0.0582836601	76 27 13 0 19
0.0579035432	7 1378 0 19
0.0579035432	19 20 456 54
0.0579035432	1254 23607 13899 47
0.0579035432	262 27 77 12
0.0579035432	12 27 9159 19
0.0579035432	7 1079 12 27
0.0579035432	25 1096 30
0.0579035432	15 59 12
0.0579035432	227 203 139
0.0579035432	10 11 12
0.0579035432	15 1934 12
0.0579035432	1493 19 10
0.0579035432	76 19 802
0.0579035432	333 89 27
0.0579035432	15 1324 12
0.0579035432	586 988 47
0.0579035432	47 19 20 23601 13
0.0579035432	13 8212 0 19 20
0.0579035432	0 27 32 33
0.0579035432	564 30 19 20
0.0579035432	19 20 586 839
0.0579035432	214 333 89
0.0579035432	0 586 839
0.0579035432	646 169 13
0.0579035432	13 1350 47
0.0579035432	27 1076 12
0.0579035432	12 13 6175 758 0 19
0.0579035432	13 6175 758 0 19
0.0579035432	47 19 20 23606 13
0.0579035432	0 19 20 586 839
0.0579035432	27 350 12 27
0.0579035432	54 564 30 19
0.0579035432	7 26 0 19
0.0579035432	10 4214 52 13
0.0579035432	89 508 12 27
0.0579035432	27 17 7
0.0579035432	7 1802 218
0.0579035432	27 9159 19
0.0579035432	25 1079 12
0.0579035432	203 139 234
0.0579035432	27 9159 13
0.0579035432	586 5162
0.0569035432	47 19 20 23601
0.0569035432	6175 758
0.0569035432	607 3570
0.0569035432	76 13 8502
0.0569035432	54 559
0.0569035432	2759 316
0.0569035432	802 2045
0.0569035432	38 610
0.0569035432	42 1076
0.0564836601	0 19 20 27
0.0564836601	0 19 20 10
0.0564836601	30 19 0
0.0554198830	218 1734
0.0551976608	15 1934
0.0551976608	0 2598
0.0548000000	12 27 586
0.0548000000	27 1183
0.0544836601	30 19 10
0.0544198830	1802 76 27 13
0.0544198830	128 19 20
0.0534198830	542 12
0.0534198830	218 818
0.0534198830	18 0
0.0534198830	10 176
0.0534198830	74 12
0.0534198830	30 1181
0.0534198830	1900 12
0.0534198830	722 27
0.0534198830	1493 27
0.0534198830	203 27
0.0534198830	85 15
0.0534198830	1102 12
0.0534198830	2279 12
0.0534198830	27 4048
0.0534198830	27 62
0.0534198830	27 1403
0.0534198830	27 455
0.0534198830	0 228
0.0534198830	0 737
0.0532836601	52 13 0
0.0524198830	1076 0 19 20
0.0524198830	1378 0 19 20
0.0524198830	0 19 20 17437
0.0524198830	0 19 20 60
0.0524198830	0 19 20 9105
0.0524198830	0 19 20 843
0.0524198830	0 19 20 456
0.0524198830	2757 0 19 20
0.0524198830	26 0 19 20
0.0524198830	29 30 27
0.0524198830	540 0 19
0.0524198830	63 12 27
0.0524198830	2200 12 27
0.0524198830	1273 0 19
0.0524198830	290 12 27
0.0524198830	1546 0 19
0.0524198830	0 19 278
0.0524198830	0 19 490
0.0524198830	1082 12 27
0.0524198830	27 13 1273
0.0524198830	26 0 19
0.0524198830	1160 12 27
0.0524198830	0 27 1813
0.0524198830	19 20 60
0.0524198830	19 20 1974
0.0524198830	19 20 84
0.0524198830	0 27 364
0.0524198830	0 27 32
0.0524198830	19 20 1169
0.0524198830	19 20 3896
0.0524198830	19 20 153
0.0524198830	19 20 2729
0.0524198830	19 20 843
0.0524198830	76 27 1029
0.0524198830	2408 12 27
0.0524198830	1076 0 19
0.0524198830	1324 12
0.0524198830	1036 27
0.0524198830	316 607
0.0524198830	3572 30
0.0524198830	456 27
0.0524198830	4176 27
0.0524198830	574 0
0.0524198830	218 1287
0.0524198830	218 623
0.0524198830	218 1601
0.0524198830	218 672
0.0524198830	218 241
0.0524198830	316 15
0.0524198830	311 13
0.0524198830	933 0
0.0524198830	3448 12
0.0524198830	3306 13
0.0524198830	54 85
0.0524198830	833 12
0.0524198830	559 27
0.0524198830	1129 7
0.0524198830	52 15
0.0524198830	54 369
0.0524198830	369 607
0.0524198830	300 607
0.0524198830	2635 47
0.0524198830	13 2773
0.0524198830	15 513
0.0524198830	15 2563
0.0524198830	15 1250
0.0524198830	10 235
0.0524198830	15 244
0.0524198830	13 3945
0.0524198830	11 12
0.0524198830	15 1332
0.0524198830	13 278
0.0524198830	13 8212
0.0524198830	13 15596
0.0524198830	15 94
0.0524198830	15 1477
0.0524198830	13 91
0.0524198830	2314 47
0.0524198830	646 76
0.0524198830	76 15
0.0524198830	645 7
0.0524198830	646 89
0.0524198830	1239 27
0.0524198830	2032 47
0.0524198830	134 607
0.0524198830	485 27
0.0524198830	1131 169
0.0524198830	481 52
0.0524198830	322 30
0.0524198830	30 519
0.0524198830	511 27
0.0524198830	1901 12
0.0524198830	3094 27
0.0524198830	1273 7
0.0524198830	37 218
0.0524198830	38 25
0.0524198830	30 236
0.0524198830	30 2998
0.0524198830	30 3341
0.0524198830	37 76
0.0524198830	3943 52
0.0524198830	62 13
0.0524198830	748 0
0.0524198830	3892 12
0.0524198830	191 15
0.0524198830	350 12
0.0524198830	274 47
0.0524198830	3518 30
0.0524198830	3891 27
0.0524198830	1866 218
0.0524198830	47 537
0.0524198830	47 1446
0.0524198830	10054 12
0.0524198830	1677 134
0.0524198830	203 7
0.0524198830	157 52
0.0524198830	392 12
0.0524198830	5493 30
0.0524198830	1076 12
0.0524198830	1079 12
0.0524198830	1076 0
0.0524198830	89 403
0.0524198830	85 27
0.0524198830	2321 47
0.0524198830	2351 47
0.0524198830	2704 13
0.0524198830	2723 27
0.0524198830	5459 15
0.0524198830	8498 27
0.0524198830	169 1032
0.0524198830	169 607
0.0524198830	333 169
0.0524198830	1183 12
0.0524198830	403 89
0.0524198830	9706 52
0.0524198830	3463 30
0.0524198830	27 12712
0.0524198830	27 6407
0.0524198830	27 1036
0.0524198830	27 2796
0.0524198830	27 1813
0.0524198830	27 475
0.0524198830	26 52
0.0524198830	27 10964
0.0524198830	26 0
0.0524198830	27 10231
0.0524198830	27 9709
0.0524198830	27 32
0.0524198830	27 1488
0.0524198830	27 2599
0.0524198830	27 5737
0.0524198830	15516 30
0.0524198830	1617 47
0.0524198830	1217 12
0.0524198830	861 12
0.0524198830	178 15
0.0524198830	1140 30
0.0524198830	2337 47
0.0524198830	4214 0
0.0524198830	4217 1197
0.0524198830	8782 0
0.0524198830	9113 12
0.0524198830	659 12
0.0524198830	1025 52
0.0524198830	140 30
0.0524198830	659 0
0.0524198830	758 169
0.0524198830	564 262
0.0524198830	1374 52
0.0524198830	1372 27
0.0524198830	1564 12
0.0524198830	7 2112
0.0524198830	7 6531
0.0524198830	0 1679
0.0524198830	5987 47
0.0524198830	7 8973
0.0524198830	9 12
0.0524198830	7 9763
0.0524198830	7 499
0.0524198830	0 818
0.0524198830	7 2848
0.0524198830	0 1813
0.0524198830	0 1852
0.0524198830	0 1599
0.0524198830	0 1734
0.0524198830	0 241
0.0524198830	7 2168
0.0524198830	0 314
0.0524198830	0 6
0.0524198830	0 672
0.0524198830	7 199
0.0524198830	1000 30
0.0524198830	7 1134
0.0524198830	7 1374
0.0524198830	0 1995
0.0524198830	7 26
0.0524198830	7 214
0.0524198830	7 287
0.0524198830	7 507
0.0519035432	15 1324 12 27
0.0512836601	13 802 19
0.0512836601	13 17 0
0.0512836601	19 10 586
0.0512836601	47 47 54
0.0512836601	19 802 13
0.0512836601	27 43 13
0.0509035432	47 586 4224 13
0.0509035432	19 20 586 936
0.0509035432	485 139
0.0502836601	7 1802 218 1852
0.0502836601	7 27 43
0.0502836601	47 300 27
0.0502836601	508 12 15
0.0502836601	1134 52 13
0.0502836601	54 7 15
0.0502836601	610 1802 76
0.0502836601	30 19 20 456
0.0502836601	47 19 1935
0.0502836601	27 13 1850 17022
0.0489035432	19 20 23603 13 278
0.0489035432	4034 15719 19 20
0.0489035432	456 537
0.0489035432	1254 23604 13899 47
0.0489035432	19 20 17437 47
0.0489035432	19 20 23601 13
0.0489035432	586 4224 13
0.0484836601	10 13 19
0.0484198830	1324 12 27
0.0484198830	30 332
0.0484198830	394 30
0.0484198830	852 52
0.0484198830	1148 47
0.0484198830	4965 13
0.0474836601	12 13 20
0.0474198830	453 0 19
0.0463976608	13 12
0.0454198830	47 19 20 23603
0.0454198830	23601 13 20
0.0454198830	1765 134
0.0454198830	8287 1311
0.0454198830	3758 30
0.0454198830	25 453
0.0454198830	25 2639
0.0454198830	1350 47
0.0454198830	2229 13
0.0454198830	1029 3364
0.0449035432	19 1935 13 20
0.0438000000	13 19706
0.0434836601	134 13 0
0.0432836601	13 128 19
0.0432836601	47 316 27
0.0429035432	227 203 139 234
0.0429035432	128 19 129
0.0429035432	8499 7391 12
0.0429035432	1415 1416 2474
0.0429035432	1842 168
0.0429035432	7077 637
0.0429035432	9663 4034
0.0429035432	1850 2757
0.0422836601	27 13 1850 17022 77 12 19
0.0422836601	19 20 586 988 47
0.0422836601	1802 76 27 13 1850
0.0422836601	0 19 20 2181 47
0.0422836601	89 403 89 27
0.0422836601	3364 9593 0 19
0.0422836601	7 1802 76 27
0.0422836601	13 7 26 0
0.0422836601	13 15195 47
0.0422836601	13 490 47
0.0422836601	15 19 53
0.0422836601	3364 9593 0
0.0422836601	27 1197 12
0.0422836601	0 2598 19
0.0422836601	333 89 13
0.0422836601	27 754 755
0.0422836601	47 586 4224
0.0422836601	7 1079 12
0.0422836601	19 20 2181 47
0.0422836601	13 5308 19
0.0422836601	27 32 2635
0.0422836601	12 27 77 12
0.0419035432	76 27 13 1850 17022 77 12 19
0.0419035432	13 1850 17022 77 12 19
0.0419035432	128 19 1935 13 20
0.0419035432	19 20 23601 13 20
0.0419035432	77 12 78 76
0.0419035432	13 802 10787 1827
0.0419035432	19 20 23606 13
0.0419035432	10 7217 2194 1055
0.0419035432	15 318 12
0.0419035432	27 713 12
0.0419035432	7 199 611
0.0419035432	7 157 52
0.0419035432	27 1632 12
0.0419035432	27 1426 12
0.0419035432	3758 30 89
0.0419035432	0 4864 30
0.0419035432	586 839 2342
0.0419035432	27 9445 12
0.0419035432	25 199 611
0.0419035432	1029 3364 9593
0.0419035432	542 684
0.0419035432	1165 77
0.0419035432	8231 107
0.0419035432	94 561
0.0419035432	1278 1279
0.0419035432	2603 1677
0.0419035432	1183 1415
0.0419035432	4169 9766
0.0419035432	1183 446
0.0419035432	10787 1827
0.0419035432	2622 750
0.0419035432	1802 76 27 13 1850 17022
0.0419035432	610 1802 76 27 13 1850
0.0419035432	278 884 1254 23604 13899
0.0419035432	4217 1197 12
0.0419035432	10 7217 2194
0.0419035432	862 12 1103
0.0419035432	7217 2194 1055
0.0419035432	2349 495
0.0419035432	2584 1076
0.0419035432	737 3538
0.0419035432	1415 1416
0.0419035432	176 85
0.0419035432	2418 1798
0.0419035432	4217 7391
0.0419035432	19 20 2729 13 278 884
0.0419035432	27 1029 3364 9593 0 19
0.0419035432	13 4697 2039 19
0.0419035432	76 27 350 12
0.0419035432	300 1415 1416
0.0419035432	13 19 1258
0.0419035432	959 7391
0.0419035432	1006 5662
0.0414198830	3128 12
0.0414198830	13 1368
0.0414198830	3555 52
0.0414198830	1991 52
0.0414198830	177 134
0.0404198830	13 802 10787
0.0404198830	19 20 9105
0.0404198830	4006 134
0.0404198830	453 0
0.0404198830	458 169
0.0404198830	586 988
0.0404198830	554 30
0.0404198830	13 2580
0.0404198830	13 969
0.0404198830	15 1793
0.0404198830	802 43
0.0404198830	30 375
0.0404198830	30 1887
0.0404198830	7467 52
0.0404198830	7768 0
0.0404198830	3719 52
0.0404198830	8499 7391
0.0404198830	9135 203
0.0404198830	52158 13
0.0368000000	13 0 19 20 586
0.0364836601	27 13 0 19 20
0.0364836601	76 27 13 20
0.0364836601	10 13 20
0.0356198830	15 13
0.0344836601	52 13 10
0.0338000000	20 13 20
0.0328000000	47 27 43
0.0318000000	20 274 47
0.0318000000	304 52 27
0.0303976608	47 76
0.0298000000	47 19 20 2729
0.0298000000	47 19 20 23606
0.0298000000	0 19 20 586
0.0298000000	0 19 20 1169
0.0298000000	76 27 13 1850
0.0298000000	758 0 19 20
0.0298000000	84 7 1802
0.0298000000	5640 27 19
0.0298000000	455 12 19
0.0298000000	1935 13 20
0.0298000000	20 586 839
0.0298000000	350 12 27
0.0298000000	1275 0 19
0.0298000000	37 0 27
0.0298000000	37 0 19
0.0298000000	27 13 1850
0.0298000000	12 27 1900
0.0298000000	12 27 32
0.0298000000	7199 12 586
0.0298000000	19 20 586
0.0298000000	0 27 1655
0.0298000000	19 20 17437
0.0298000000	0 27 455
0.0298000000	19 20 480
0.0298000000	19 20 418
0.0298000000	19 20 32
0.0298000000	52 13 20
0.0298000000	12 13 6175
0.0298000000	2757 0 19
0.0298000000	76 27 611
0.0298000000	76 27 6518
0.0298000000	77 12 78
0.0298000000	55 12 27
0.0298000000	1378 0 19
0.0298000000	20 456 54
0.0298000000	758 0 19
0.0298000000	1096 30 27
0.0298000000	1096 12 27
0.0298000000	262 27 77
0.0298000000	564 30 27
0.0298000000	262 19 20
0.0298000000	1787 0
0.0298000000	1787 12
0.0298000000	1393 27
0.0298000000	1165 12
0.0298000000	810 12
0.0298000000	765 30
0.0298000000	218 42
0.0298000000	615 7
0.0298000000	3306 27
0.0298000000	611 1006
0.0298000000	610 1802
0.0298000000	218 607
0.0298000000	214 333
0.0298000000	615 1134
0.0298000000	811 0
0.0298000000	547 12
0.0298000000	318 12
0.0298000000	3573 12
0.0298000000	93 12
0.0298000000	3570 0
0.0298000000	1507 12
0.0298000000	559 13
0.0298000000	582 27
0.0298000000	54 25
0.0298000000	836 27
0.0298000000	54 564
0.0298000000	839 2342
0.0298000000	54 1540
0.0298000000	54 214
0.0298000000	59 12
0.0298000000	302 12
0.0298000000	309 27
0.0298000000	7392 13
0.0298000000	9159 13
0.0298000000	13 1273
0.0298000000	12 8230
0.0298000000	15 62
0.0298000000	13 25
0.0298000000	13 8502
0.0298000000	13 758
0.0298000000	13 6175
0.0298000000	15 1850
0.0298000000	15 1324
0.0298000000	13 5347
0.0298000000	13 1275
0.0298000000	13 1055
0.0298000000	13 59
0.0298000000	13 2195
0.0298000000	13 1850
0.0298000000	13 369
0.0298000000	13 1076
0.0298000000	13 311
0.0298000000	13 191
0.0298000000	13 87
0.0298000000	13 5296
0.0298000000	12 1186
0.0298000000	12 1618
0.0298000000	13 13623
0.0298000000	13 227
0.0298000000	10 646
0.0298000000	10 1507
0.0298000000	15 1678
0.0298000000	12 586
0.0298000000	10 7217
0.0298000000	13 564
0.0298000000	12 230
0.0298000000	13 11342
0.0298000000	12 3910
0.0298000000	13 540
0.0298000000	2757 0
0.0298000000	77 0
0.0298000000	76 42
0.0298000000	645 87
0.0298000000	646 0
0.0298000000	802 13
0.0298000000	480 27
0.0298000000	1488 0
0.0298000000	1055 0
0.0298000000	1283 12
0.0298000000	8502 10
0.0298000000	139 87
0.0298000000	134 199
0.0298000000	134 42
0.0298000000	1131 76
0.0298000000	6531 0
0.0298000000	2047 0
0.0298000000	39 27
0.0298000000	344 15
0.0298000000	9593 0
0.0298000000	2408 12
0.0298000000	1629 27
0.0298000000	490 10
0.0298000000	490 25
0.0298000000	199 611
0.0298000000	497 12
0.0298000000	66 12
0.0298000000	953 13
0.0298000000	278 884
0.0298000000	490 47
0.0298000000	2294 47
0.0298000000	4697 2039
0.0298000000	5340 0
0.0298000000	2194 1055
0.0298000000	47 290
0.0298000000	1240 0
0.0298000000	47 1079
0.0298000000	47 309
0.0298000000	47 486
0.0298000000	47 607
0.0298000000	1863 0
0.0298000000	1866 30
0.0298000000	9909 12
0.0298000000	47 38
0.0298000000	47 485
0.0298000000	45 0
0.0298000000	47 582
0.0298000000	47 1440
0.0298000000	4864 30
0.0298000000	5639 12
0.0298000000	2168 0
0.0298000000	7199 12
0.0298000000	7199 0
0.0298000000	1677 27
0.0298000000	203 54
0.0298000000	203 139
0.0298000000	505 0
0.0298000000	1681 0
0.0298000000	671 0
0.0298000000	1073 30
0.0298000000	988 47
0.0298000000	3989 10
0.0298000000	87 15
0.0298000000	84 255
0.0298000000	7122 76
0.0298000000	15195 47
0.0298000000	1181 76
0.0298000000	475 12
0.0298000000	474 218
0.0298000000	169 42
0.0298000000	427 12
0.0298000000	169 199
0.0298000000	165 13
0.0298000000	474 76
0.0298000000	2112 0
0.0298000000	474 0
0.0298000000	1180 30
0.0298000000	1181 169
0.0298000000	1186 10
0.0298000000	1426 12
0.0298000000	27 6518
0.0298000000	27 7096
0.0298000000	27 911
0.0298000000	27 2090
0.0298000000	27 9445
0.0298000000	27 7364
0.0298000000	27 3234
0.0298000000	27 2120
0.0298000000	27 953
0.0298000000	27 5406
0.0298000000	27 4171
0.0298000000	27 547
0.0298000000	27 3573
0.0298000000	27 951
0.0298000000	27 3384
0.0298000000	27 3006
0.0298000000	20 89
0.0298000000	27 1632
0.0298000000	27 1375
0.0298000000	27 603
0.0298000000	27 1029
0.0298000000	27 959
0.0298000000	27 898
0.0298000000	27 833
0.0298000000	27 2243
0.0298000000	27 502
0.0298000000	27 45
0.0298000000	27 364
0.0298000000	27 1416
0.0298000000	27 711
0.0298000000	27 3811
0.0298000000	27 1499
0.0298000000	27 1273
0.0298000000	27 975
0.0298000000	27 318
0.0298000000	27 55
0.0298000000	20 84
0.0298000000	20 54
0.0298000000	20 7
0.0298000000	20 418
0.0298000000	27 1415
0.0298000000	27 611
0.0298000000	27 8209
0.0298000000	20 25
0.0298000000	26 27
0.0298000000	27 4296
0.0298000000	20 480
0.0298000000	27 1314
0.0298000000	20 15
0.0298000000	20 1129
0.0298000000	27 782
0.0298000000	27 90
0.0298000000	27 713
0.0298000000	20 32
0.0298000000	27 21045
0.0298000000	27 659
0.0298000000	27 605
0.0298000000	10375 0
0.0298000000	1618 12
0.0298000000	1530 27
0.0298000000	715 12
0.0298000000	684 0
0.0298000000	684 12
0.0298000000	711 12
0.0298000000	1141 12
0.0298000000	370 12
0.0298000000	2334 47
0.0298000000	2773 0
0.0298000000	657 27
0.0298000000	185 12
0.0298000000	1569 27
0.0298000000	1374 0
0.0298000000	230 7
0.0298000000	231 27
0.0298000000	1930 12
0.0298000000	262 42
0.0298000000	140 27
0.0298000000	1802 218
0.0298000000	1378 0
0.0298000000	1569 12
0.0298000000	1802 0
0.0298000000	1935 13
0.0298000000	0 4575
0.0298000000	0 911
0.0298000000	0 3006
0.0298000000	9 10
0.0298000000	0 632
0.0298000000	0 281
0.0298000000	13899 47
0.0298000000	7 176
0.0298000000	7 474
0.0298000000	0 3989
0.0298000000	0 1601
0.0298000000	0 93
0.0298000000	0 953
0.0298000000	0 1180
0.0298000000	0 547
0.0298000000	0 1032
0.0298000000	0 715
0.0298000000	0 754
0.0298000000	0 161
0.0298000000	5 27
0.0298000000	7 227
0.0298000000	0 364
0.0284836601	27 19 53 13
0.0284836601	12 13 802
0.0274836601	12 13 6175 758 0
0.0274836601	0 19 20 9105 13
0.0274836601	27 2622 12
0.0274836601	27 32 2169
0.0274836601	30 13 802
0.0274836601	13 827 0
0.0274836601	139 7 27
0.0260000000	10 19 20
0.0244836601	586 839 10
0.0240000000	89 27 19
0.0240000000	12 13 0
0.0220000000	19 10 13
0.0210000000	47 0 19 20
0.0190000000	0 19 30
0.0190000000	19 76 27
0.0190000000	13 19 0
0.0190000000	20 30
0.0110000000	0 19 218
0.0100000000	30 13 20
0.0090000000	128 19 1935 13
0.0090000000	169 13 20
0.0090000000	0 19 802
0.0090000000	169 27 43
0.0090000000	15 504
0.0090000000	13 202
0.0090000000	12 1103
0.0090000000	10 607
0.0090000000	10 87
0.0090000000	12 1032
0.0090000000	10 4214
0.0090000000	12 84
0.0090000000	12 580
0.0090000000	10 11
0.0090000000	1879 0
0.0090000000	139 30
0.0090000000	481 0
0.0090000000	47 218
0.0090000000	1197 0
0.0090000000	750 0
0.0090000000	752 0
0.0090000000	0 199
0.0090000000	0 230
0.0090000000	0 607
0.0080000000	0 19 76
0.0080000000	19 20 30
0.0080000000	47 76 27
0.0080000000	30 13
0.0080000000	47 15
0.0070000000	2773 0 19 20
0.0070000000	4034 0 19
0.0070000000	27 19 4870
0.0070000000	89 27 13
0.0070000000	13 20 0
0.0070000000	13 20 134
0.0070000000	134 13 20
0.0070000000	76 19 20
0.0070000000	0 19 262
0.0070000000	0 19 89
0.0070000000	0 19 134
0.0070000000	0 19 169
0.0070000000	0 19 52
0.0070000000	27 13 802
0.0070000000	27 13 8212
0.0070000000	12 27 43
0.0070000000	12 27 77
0.0070000000	47 13 802
0.0070000000	13 19 20
0.0070000000	19 20 0
0.0070000000	0 13 20
0.0070000000	19 20 134
0.0070000000	13 19 10
0.0070000000	19 20 13
0.0070000000	19 20 15
0.0070000000	19 20 54
0.0070000000	76 27 77
0.0070000000	27 1900 12
0.0070000000	218 30
0.0070000000	214 27
0.0070000000	214 0
0.0070000000	218 13
0.0070000000	455 0
0.0070000000	455 10
0.0070000000	214 15
0.0070000000	610 27
0.0070000000	839 10
0.0070000000	580 12
0.0070000000	1850 10
0.0070000000	2200 12
0.0070000000	7391 12
0.0070000000	10 89
0.0070000000	15 59
0.0070000000	15 318
0.0070000000	13 4697
0.0070000000	10 42
0.0070000000	13 1228
0.0070000000	10 54
0.0070000000	13 262
0.0070000000	13 128
0.0070000000	13 134
0.0070000000	10 586
0.0070000000	13 169
0.0070000000	13 7
0.0070000000	10 203
0.0070000000	13 76
0.0070000000	10 580
0.0070000000	10 30
0.0070000000	10 85
0.0070000000	10 1032
0.0070000000	10 199
0.0070000000	10 1079
0.0070000000	10 191
0.0070000000	10 169
0.0070000000	13 89
0.0070000000	10 218
0.0070000000	12 1259
0.0070000000	12 78
0.0070000000	10 139
0.0070000000	12 658
0.0070000000	12 199
0.0070000000	13 83
0.0070000000	10 214
0.0070000000	10 76
0.0070000000	13 218
0.0070000000	10 25
0.0070000000	13 30
0.0070000000	7961 13
0.0070000000	30 199
0.0070000000	30 586
0.0070000000	30 42
0.0070000000	30 1032
0.0070000000	30 607
0.0070000000	633 76
0.0070000000	30 15
0.0070000000	199 13
0.0070000000	495 27
0.0070000000	47 134
0.0070000000	43 13
0.0070000000	47 199
0.0070000000	47 169
0.0070000000	47 586
0.0070000000	47 52
0.0070000000	47 89
0.0070000000	47 262
0.0070000000	13623 12
0.0070000000	1677 0
0.0070000000	1197 10
0.0070000000	255 27
0.0070000000	203 13
0.0070000000	418 13
0.0070000000	89 13
0.0070000000	83 13
0.0070000000	89 12
0.0070000000	84 27
0.0070000000	671 218
0.0070000000	671 76
0.0070000000	161 27
0.0070000000	332 27
0.0070000000	1181 0
0.0070000000	27 1096
0.0070000000	27 615
0.0070000000	27 94
0.0070000000	27 1507
0.0070000000	27 1564
0.0070000000	20 134
0.0070000000	27 1076
0.0070000000	27 580
0.0070000000	27 715
0.0070000000	27 862
0.0070000000	27 497
0.0070000000	27 291
0.0070000000	27 4919
0.0070000000	27 1165
0.0070000000	23 27
0.0070000000	27 77
0.0070000000	20 10
0.0070000000	23 13
0.0070000000	27 1197
0.0070000000	27 3661
0.0070000000	27 1477
0.0070000000	27 486
0.0070000000	27 743
0.0070000000	27 3364
0.0070000000	25 1079
0.0070000000	291 12
0.0070000000	713 12
0.0070000000	262 13
0.0070000000	262 15
0.0070000000	0 586
0.0070000000	0 4864
0.0070000000	0 3661
0.0070000000	0 84
0.0070000000	0 42
0.0070000000	7 157
0.0070000000	7 1079
0.0070000000	7 0
