0.9515699970	6 33 23 24 26
0.9267944364	26 37 14 943 4 6
0.9234081006	61 14 764 4 14 623 252
0.9161924013	61 18 668 14 58
0.9160936416	61 18 219 14 58
0.9151202780	252 21 18 64 14 58
0.9132271311	66 7 14 27 4 6
0.9118848351	152 37 14 27 4 6
0.9096410825	252 21 18 219 14 58
0.9094564745	920 52 771 607 66
0.9073206405	920 11 771 607 66
0.9055549199	26 37 14 27 4 6
0.9046147886	61 2 72 4 44
0.8974939615	58 38 883 4 26
0.8920158445	26 7 14 27 4 6
0.8695111026	11 278 11 277 11
0.8645045157	764 4 272 252 21 18 64
0.8611373865	7891 65 7892 66 11
0.8563775181	11 277 11 458 11
0.8525103318	27 4 6 65 6 66
0.8479882149	914 2647 340 2648 915
0.8479882149	12378 2648 915
0.8479882149	9523 6988 65 6 66
0.8479882149	61 5180 4641 5181
0.8475562729	629 193 2730
0.8470869747	2928 8256
0.8470869747	6499 2045
0.8463096435	284 66 4872 224 65
0.8458777015	45 591 2377
0.8458777015	65 472 473 474 475 66 864
0.8456278233	26 37 2054 6 456
0.8454084032	2310 2380
0.8449515873	340 2648 915 65 6 66
0.8449303331	793 1374
0.8448250699	793 185
0.8448250699	885 1410
0.8432725692	218 61 18 219 14 58
0.8405716586	44 24 629 11934 6
0.8348546305	1325 920 11 771 607 66
0.8348546305	1640 340 2648 915
0.8348546305	914 12378 2648
0.8348546305	914 2647 340 2648
0.8348546305	12396 1734 383
0.8333700568	4923 268 73
0.8156768330	66 33 1554 811 18
0.8107257088	43 7 14 27 4 6
0.8102807910	44 24 247 18 248 249
0.8102807910	61 272 252 2631
0.8059772519	117 61 14 117 4 272 252
0.8044332231	409 1641 931
0.8044332231	4736 4667
0.8044332231	8000 8001
0.8044332231	938 2245
0.8044332231	1522 1306
0.8044332231	914 2647 340 2648 915 65 6 66
0.8044332231	3157 1099 3659
0.8044332231	1787 872 1163
0.8044332231	941 922
0.8044332231	2376 2380
0.8001371776	2108 625
0.8001371776	5545 7534
0.8001371776	1213 7834
0.8001371776	8880 3352
0.8001371776	1227 14362
0.8001371776	2095 4853
0.8001371776	11509 10785
0.8001371776	777 7936
0.7987175870	587 588 451
0.7987175870	1554 5666
0.7977702186	2067 69
0.7977702186	3226 582
0.7977702186	5789 5791
0.7977702186	3622 3036
0.7977175870	931 3727
0.7977175870	422 713
0.7976649554	1585 1750
0.7976649554	5388 10955
0.7976649554	4305 5658
0.7972644710	58 38 1059 4 26 7
0.7971839399	943 38 27 4 6
0.7959933678	6 33 1554 811 18
0.7941629585	152 18 1463 6 38
0.7912996386	921 922
0.7912996386	6995 5645
0.7912996386	2641 4 6 65 6 66
0.7912996386	45 929 4536 6
0.7912996386	464 935 462
0.7912996386	1641 931
0.7912996386	914 12963 2028 6
0.7912996386	587 588 3163
0.7912996386	14590 12716
0.7912996386	6532 6607
0.7912996386	7389 12168
0.7912996386	11490 11491
0.7912996386	315 1145
0.7912179990	219 14 58 4 26
0.7911603125	60 61 26 53 2
0.7903092043	388 18 26 65 26 66
0.7882024018	379 152 37 14 27 4
0.7877852108	311 65 771 607 66
0.7870035932	2054 4494 38 2610
0.7870035932	875 876
0.7870035932	3550 6069
0.7870035932	3198 1332
0.7870035932	1539 1750
0.7855840025	2444 2445
0.7855840025	1554 811
0.7855840025	682 683
0.7855840025	4923 1189
0.7848869091	2209 87
0.7848869091	1641 870
0.7848869091	5157 5453
0.7848869091	5023 5024
0.7848869091	587 588
0.7848869091	4435 4952
0.7848869091	1130 296
0.7848869091	807 808 607 920
0.7848869091	4189 1738 4 1739
0.7848869091	1429 7033
0.7848869091	11506 4113
0.7848869091	1214 749
0.7848869091	625 203
0.7848869091	1601 1293
0.7846366341	1195 963
0.7845840025	5789 5746
0.7845313709	1213 7834 3865
0.7845313709	193 2730
0.7845313709	299 1146
0.7845313709	1067 383
0.7845313709	286 843 5155
0.7842347352	311 65 771 842 66
0.7834429545	464 65 606 607 66
0.7830253424	65 606 607 11 920
0.7830055377	152 37 14 27 4 6 38
0.7820631127	27 4 248 18 466
0.7820631127	27 4 247 18 248
0.7812565612	1136 206 238 127
0.7809558062	2095 9133
0.7805908637	1951 747
0.7805908637	13339 2006
0.7805908637	2081 5604
0.7805908637	4344 6338
0.7805908637	5023 4952
0.7796958445	11 318 319 26 11
0.7793091928	252 21 519 276
0.7791712730	119 2421
0.7791712730	973 422 713
0.7791712730	710 2909
0.7791712730	975 976
0.7791712730	769 684
0.7791712730	503 4125
0.7791712730	4435 4662
0.7791712730	12963 2028
0.7783074022	61 272 252 2631 18
0.7782239046	7959 1461
0.7782239046	3483 1192
0.7782239046	4112 4113
0.7782239046	538 2058
0.7782239046	379 1982
0.7782239046	503 486
0.7782239046	4042 4278
0.7782239046	3178 475
0.7782239046	13276 785
0.7781712730	401 423
0.7781712730	2858 1986
0.7781712730	6377 805
0.7781712730	1539 2445
0.7781186414	538 4125
0.7781186414	369 370
0.7781186414	4305 6530
0.7781186414	2095 9826
0.7781186414	807 808 607 246
0.7781186414	4811 1496
0.7781186414	951 952
0.7781186414	931 2009
0.7781186414	591 2377
0.7781186414	1214 2006
0.7773147048	61 272 252 21 2757 18
0.7737518716	938 939
0.7715817031	66 11 26 65 26 66 11
0.7708496467	764 4 272 252 21 18 338
0.7708496467	117 4 272 252 21 18 219
0.7689633085	58 4 26 7 14 27 4
0.7656293672	1099 3659
0.7656293672	2376 2290
0.7653769826	11 606 607 66 34
0.7644884008	252 21 18 798 634
0.7635465444	252 21 18 798 14
0.7613723865	117 61 14 117 4 272
0.7608610995	1706 1333
0.7604311467	61 14 764 4 14 623
0.7584922212	26 237 1108 238
0.7575723613	218 4 272 252 21 18 219
0.7557253251	6 33 23 24 2
0.7553176959	252 21 18 219 14
0.7543147086	1975 11 920 1297 18
0.7539930379	152 7 14 27 4 6
0.7539930379	52 606 607 66
0.7539930379	464 935 2 695
0.7520750307	7153 312
0.7507136489	420 152 37 14 27 4
0.7507136489	420 152 7 14 27 4
0.7482871166	4 629 38 45 6
0.7433843385	629 11934 6988 65
0.7433843385	17833 6988 65
0.7424830982	66 53 420 152
0.7421843849	938 313
0.7419006783	11 52 920 1297 11
0.7417870077	4923 268
0.7406086512	24389 65 26 66 11
0.7382922012	26 53 420 152
0.7379125582	58 38 1059 4 26 65
0.7376856027	6988 65 6 66 11
0.7372395696	269 65 2071 66 11
0.7371408099	65 26 66 4872 224
0.7347741496	7 44 24 45 6
0.7338317087	1325 839 808 224
0.7337741496	38 388 18 26 65
0.7330357316	2105 451
0.7329304685	15443 2745
0.7313039800	764 4 272 252 21 18 219
0.7313039800	117 4 272 252 21 18 64
0.7313039800	764 4 272 252 21 18 668
0.7313039800	764 4 272 252 21 18 798
0.7302600223	252 21 18 64 14
0.7292232316	423 15
0.7288703756	12396 1734
0.7288703756	8001 1981
0.7288703756	3472 2874
0.7288703756	2062 268
0.7288703756	16720 2551
0.7288703756	3576 5558
0.7288703756	4288 4276
0.7288703756	9523 6988
0.7288703756	5499 843
0.7288703756	81 1056
0.7288703756	1641 1223
0.7288703756	1900 4875
0.7288703756	2998 2648
0.7288703756	16868 5558
0.7288703756	12378 2648
0.7288703756	4042 4278 4276
0.7288703756	988 989
0.7288703756	1455 358
0.7284384336	2850 6489
0.7284384336	1181 2107
0.7284384336	503 793
0.7284384336	683 684
0.7284384336	4344 184
0.7284384336	1 1584
0.7284384336	5298 1496
0.7281706000	3035 591
0.7280718403	3350 1786
0.7279691353	990 989
0.7279691353	990 6929
0.7279691353	4378 2015
0.7279691353	5802 805
0.7279691353	4238 805
0.7279691353	1854 1662
0.7279691353	4503 4056
0.7279691353	737 5157
0.7279691353	3244 792
0.7279691353	119 3673
0.7279691353	512 513
0.7279691353	876 792
0.7279691353	749 3244
0.7274910652	785 664
0.7274910652	4374 4999
0.7274910652	4863 3953
0.7274910652	4553 4554
0.7274910652	3166 4214
0.7274910652	1514 1729
0.7274910652	11895 749
0.7274910652	1496 1364
0.7274910652	3271 8570
0.7274910652	4998 403
0.7274910652	3934 18234
0.7274910652	25049 11908
0.7274910652	2547 2548
0.7274910652	1176 1179
0.7274910652	7803 11895
0.7274674112	7834 3865
0.7273858020	625 1695
0.7273858020	3157 1099
0.7273858020	2745 9122
0.7273858020	10146 187
0.7273858020	11908 2006
0.7264910652	143 2199
0.7264910652	3014 1124
0.7264910652	7349 4554
0.7264910652	1162 1163
0.7264910652	3105 571
0.7264910652	4999 4998
0.7244306909	7 14 846 311 65
0.7235166501	6 142 3231 4 26
0.7234237817	66 4873 224 4744 2227 224
0.7234237817	2227 224 6 808 1476 73
0.7234237817	603 61 2 72 4 44
0.7234237817	808 1476 73 40 2227 224
0.7234237817	3014 1124 864 1297 866
0.7234237817	457 11 278 11 277
0.7234237817	2647 340 2648 915
0.7234237817	6 2199 749 1648
0.7234237817	629 5646 4 6
0.7234237817	629 10727 6988 65
0.7234237817	1900 4875 178
0.7234237817	629 17833 6988
0.7234237817	920 3014 1124
0.7234237817	81 1056 1057
0.7234237817	25049 11908 2006
0.7234237817	25482 2006 65
0.7234237817	65 839 808 224 1325 839 808 224
0.7234237817	178 808 1476 585 95 2227 224
0.7234237817	4875 178 2227 224
0.7234237817	2227 224 4332 245
0.7234237817	808 1476 73 40
0.7234237817	224 2547 2548
0.7229918397	4998 792 65
0.7229918397	5802 805 65
0.7229918397	45 9523 6988
0.7229918397	3271 8570 340
0.7228887653	7 44 24 23384 2745
0.7225263221	311 65 606 607 66
0.7225225415	920 3014 1124 65 1297 66
0.7225225415	44 24 629 11934 6988
0.7225225415	8570 340 3865 65
0.7220444713	1554 811 18 690
0.7219918397	4288 4276 805
0.7219392081	689 518 65 5072 66
0.7219392081	10146 187 65
0.7212879477	65 606 607 11 920 66
0.7212879477	11 52 920 1297 11 66
0.7212879477	7891 11 9147 11 26
0.7208560057	44 24 247 18 248 249 6
0.7205842440	11 920 1297 18 66
0.7205842440	65 606 607 11 920 66 11
0.7203867074	1020 65 1987 66 26
0.7203867074	6 943 7 44 24 2745 2768
0.7203639616	65 606 607 66 34
0.7200444713	4999 4998 792
0.7198033741	26 53 379 152
0.7193490326	26 1710 65 24997 66
0.7189984631	44 24 248 18 466
0.7184081046	1298 24 250 76 748
0.7143899177	64 14 58 38 1059
0.7100213972	4 26 7 14 27 4 6
0.7089323828	14 1059 38 58 4 26
0.7089323828	37 14 27 4 6 11
0.7049146419	21 18 64 14 58
0.7010296692	63 61 14 764 4
0.7005107600	519 276
0.6983493353	607 52 771 607 66
0.6968187175	1357 1680
0.6967256012	24 247 18 248 249
0.6963032911	8 2227 224 1757 2227 224
0.6962698007	218 61 14 218 4
0.6957782827	117 61 18 64 14
0.6954020509	23384 2745 2768
0.6948187175	81 3248
0.6917617057	7 2745 2768 65 3391 66
0.6910233639	6 808 1476 73
0.6905937988	24 247 18 248 249 6
0.6863044786	14 58 38 1059 4 26
0.6838805346	67 38 892 4
0.6829753292	237 1108 238 18 157 43
0.6798753731	6 943 7 44 24
0.6780696129	272 1455 358
0.6779346171	6 44 23 24 26
0.6764116671	218 61 14 764 4 272
0.6764116671	1 2 3 4
0.6764116671	61 18 64 14 58 4
0.6764116671	943 4 6 7 44 24
0.6762001390	60 61 6 53 2
0.6757352264	218 61 18 338 14
0.6747376523	218 61 18 252 14
0.6747352264	63 61 18 219 14
0.6746825948	63 61 18 64 14
0.6746825948	63 61 18 668 14
0.6746825948	117 61 18 219 14
0.6726103455	2628 2937
0.6718798400	189 157 1886 7
0.6715930281	1544 18 474 387 7891 38
0.6708272084	2631 18 219 14
0.6696058409	872 1163
0.6696058409	2368 1544
0.6696058409	1974 839 808 224
0.6696058409	1279 2030
0.6696058409	7942 1783
0.6696058409	7955 2858
0.6696058409	1213 1215
0.6696058409	1019 2888
0.6696058409	2261 102
0.6696058409	7920 540
0.6696058409	7926 2874
0.6696058409	1520 200
0.6696058409	15678 124
0.6696058409	11251 102
0.6696058409	4429 540
0.6696058409	18368 538
0.6696058409	1854 4129
0.6696058409	4639 4513
0.6696058409	8869 915
0.6696058409	11531 102
0.6696058409	27624 124
0.6696058409	2446 2023
0.6696058409	340 2984
0.6696058409	14254 3659
0.6696058409	2293 13693
0.6696058409	9815 3659
0.6696058409	1109 281
0.6696058409	7926 3472
0.6696058409	886 844
0.6696058409	681 7864
0.6696058409	5023 4662
0.6696058409	749 3544
0.6696058409	5438 360
0.6696058409	2368 388
0.6696058409	17104 4482
0.6696058409	538 486
0.6694226426	388 18 26 65 26 66 11
0.6659147109	65 839 808 224 180 839 808 224
0.6659147109	879 839 808 224 4558
0.6659147109	3934 18234 7897
0.6659147109	6068 21112
0.6659147109	920 1325 920 11 771 607 66
0.6659147109	1640 340 2648 915 65 6 66
0.6659147109	629 17833 6 65 11924 66
0.6659147109	1975 11 920 1297 18 66
0.6659147109	7891 11 9147 11 7905
0.6659147109	44 24 833 6 205
0.6659147109	464 2831 2 695
0.6659147109	65 920 1974 920
0.6659147109	73 5438 360
0.6659147109	72 990 989
0.6659147109	8000 8001 1981
0.6659147109	920 1854 1662
0.6659147109	11915 11895 749
0.6659147109	2310 2290
0.6659147109	9122 3769
0.6659147109	5930 5951
0.6659147109	4880 224 4881 224 4882 224 4883 224 4884 2612 224
0.6659147109	2227 224 8 2227 224 1757 2227 224
0.6659147109	2647 340 2648 915 65 6 66
0.6659147109	12378 2648 915 65 6 66
0.6659147109	920 3014 1124 864 1297 866
0.6659147109	2316 6 65 7895 66
0.6659147109	941 26 65 3565 66
0.6659147109	2227 224 1712 2227 224
0.6659147109	4566 26 65 11504 66
0.6659147109	1900 4875 178 2227 224
0.6659147109	4871 224 4872 224 65
0.6659147109	879 522 839 808 224
0.6659147109	52 920 3014 1124
0.6659147109	44 24 1114 1400
0.6659147109	3350 1786 6 187
0.6659147109	1383 11 1403 11
0.6659147109	1900 463 2227 224
0.6659147109	2045 34 86 6
0.6659147109	72 990 6929
0.6659147109	938 939 486
0.6659147109	7803 11895 749
0.6659147109	2688 2690
0.6659147109	181 2756
0.6659147109	72 988 989
0.6653965132	218 61 14 764 4
0.6653097954	15443 2745 2768
0.6653097954	2558 915
0.6653097954	69 144
0.6653097954	1835 1955
0.6653097954	4503 4649
0.6653097954	3949 441
0.6653097954	13893 102
0.6653097954	1876 9811
0.6653097954	25 942
0.6653097954	5995 1986
0.6653097954	1267 2139
0.6653097954	845 1099
0.6653097954	3678 2117
0.6653097954	953 1955
0.6652625370	355 6 65 8187 66
0.6638902048	2780 1358
0.6638902048	3390 713
0.6638902048	1485 1278
0.6638902048	977 87
0.6638902048	1130 141
0.6638902048	927 6917
0.6638902048	878 6499
0.6638902048	1277 1278
0.6638902048	961 4711
0.6638902048	17507 365
0.6638902048	2687 1358
0.6638902048	534 370
0.6638902048	56 3021
0.6638902048	5123 664
0.6638902048	3020 1299
0.6638902048	3671 1513
0.6638902048	3025 5310
0.6638902048	3527 389
0.6629428364	892 863
0.6629428364	3697 2101
0.6629428364	2615 693
0.6629428364	422 752
0.6629428364	1670 417
0.6629428364	712 713
0.6629428364	965 1895
0.6629428364	4909 664
0.6629428364	1078 964
0.6629428364	5694 538
0.6629428364	6791 1152
0.6629428364	8041 755
0.6629428364	538 1374
0.6629428364	1601 4818
0.6629428364	420 1982
0.6629428364	1151 1152
0.6629428364	512 781
0.6629428364	357 782
0.6629428364	4214 327
0.6628902048	4554 4346
0.6628902048	1024 1602
0.6628902048	2996 540
0.6628902048	4477 4056
0.6628902048	877 3678
0.6628902048	876 403
0.6628902048	215 2732
0.6628902048	3180 2862
0.6628902048	5530 168
0.6628902048	7270 2161
0.6628902048	2172 9891
0.6628375732	5179 15
0.6628375732	4675 2032
0.6628375732	1099 1557
0.6628375732	215 4393
0.6628375732	281 502
0.6628375732	422 4543
0.6628375732	2917 90
0.6628375732	3 3003
0.6628375732	4818 441
0.6628375732	3472 657
0.6628375732	1167 3918
0.6628375732	970 971
0.6628375732	1520 3725
0.6628375732	4477 4547
0.6628375732	72 684
0.6619836079	4756 4513 65 4755 66
0.6618965239	44 24 629 11934 6 65 11924 66
0.6616186654	1709 26 1710 65 24997 66
0.6616186654	4923 268 269 65 2071 66
0.6616186654	1078 11 278 11 277
0.6616186654	4042 4278 4276 805
0.6616186654	2172 749 3244
0.6616186654	1641 1223 863
0.6616186654	5023 5024 1955
0.6616186654	278 689 518 65 5072 66
0.6616186654	2062 268 269 65 2071 66
0.6616186654	278 11 277 11 458
0.6616186654	44 24 23384 2745 2768
0.6616186654	3166 4214 327
0.6616186654	1513 1514 1729
0.6616186654	4096 312 1729
0.6616186654	1050 1051
0.6616186654	7978 2928
0.6616186654	2850 6489 187
0.6615903224	64 14 1059 38 58 4
0.6615903224	668 14 58 38 1059 4
0.6610879636	816 1346 1379
0.6610879636	401 423 15
0.6610879636	482 3257 6 65 27964 66
0.6610879636	45 737 1352 451
0.6610879636	119 2421 4346
0.6610879636	4553 4554 4346
0.6610879636	749 3244 792
0.6610879636	2928 8256 4232
0.6610879636	119 3673 4346
0.6610879636	4112 4113 403
0.6610879636	3093 3094
0.6610879636	9231 9232
0.6610879636	884 885
0.6601405952	245 807 808 607 246
0.6601405952	4378 2015 61
0.6601405952	4374 4999 4998
0.6601405952	815 2721
0.6601405952	1624 1625
0.6601405952	11734 2595
0.6601405952	2594 2595
0.6601405952	4407 2529 38 603 61
0.6601405952	4374 4999 4998 792
0.6601405952	503 793 185
0.6601405952	503 793 1374
0.6601405952	3271 8570 340 3865
0.6601405952	16370 16371
0.6600353321	3035 591 2377
0.6600353321	4923 268 269
0.6600353321	277 11 458 459
0.6600353321	5298 1496 5773
0.6600353321	749 3244 403
0.6600353321	7349 4554 4346
0.6600353321	6 2199 12996
0.6600353321	7270 9232
0.6600353321	45 2105 451
0.6600353321	1181 2107 952
0.6592959948	467 6 451 65 6 66
0.6580195973	65 65 770 66 66
0.6571341956	33 1554 811 18 690
0.6568606864	6 24389 65 26 66
0.6566239791	58 11 1059 11 38
0.6563741759	935 462
0.6561155435	61 2 72 4 44 24
0.6560489378	764 4 272 252 21 18 338 14
0.6560489378	764 4 272 252 21 18 64 14
0.6560489378	117 4 272 252 21 18 219 14
0.6560489378	61 14 218 4 272 252 21 18
0.6560489378	218 4 272 252 21 18 219 14
0.6560489378	40 37 14 27 4
0.6557382183	3104 3105 571
0.6557382183	3493 1162 1163
0.6547197039	607 11 771 607 66
0.6527301171	44 24 247 18 248 6
0.6522766430	603 61 272 21 2
0.6519898312	252 21 18 668 14
0.6512240114	252 21 18 338 14
0.6503869928	879 522 839 808
0.6493364265	607 11 920 1297 607
0.6466726139	65 606 607 66 33
0.6460400600	245 807 808 607
0.6458950721	218 61 18 219 14 58 38 1059 4
0.6458950721	218 61 18 64 14 58 4
0.6439413003	95 2227 224 6 808 1476
0.6435777462	61 14 764 4 272
0.6425971005	4497 11 920 1297 18
0.6415005804	1554 5666 18 690
0.6409344355	65 920 1325 920 11 771
0.6409344355	920 3014 1124 65 1297 66 18
0.6409344355	2858 287 459 4
0.6409344355	6 65 6 66 4 14
0.6409344355	66 4873 224 4744
0.6398900539	18 668 14 58 38
0.6395044838	6 65 7895 66 53
0.6361751420	7 44 24 833 6
0.6361569029	14 943 4 898 6
0.6359074967	18 668 14 58 4
0.6351751420	7 44 24 990 6
0.6335169935	24 6 33 23 24
0.6329688613	7 14 27 4 629 6
0.6318019850	1731 1732
0.6300741634	14 943 38 27 4
0.6292180777	18 219 14 58 38
0.6287844809	771 607 66 11 38
0.6283302170	27 4 6 7 44 24
0.6283302170	61 18 64 14 178 4
0.6282775216	2745 2768
0.6280890740	4 26 7 14 996 4
0.6275059395	1296 952
0.6273693474	14 58 38 1059 4 26 7
0.6270337173	1017 1814
0.6270337173	286 843
0.6255971391	216 4736 4667
0.6254444622	61 14 218 4 272 252 21
0.6250337173	5673 805
0.6250337173	1346 1379
0.6244518094	219 14 58 38 1059 4
0.6241123685	65 770 66 66 11
0.6237060408	18 64 14 58 4
0.6223981428	2062 268 269
0.6212623087	247 18 248 6
0.6200714986	787 1023
0.6192702513	580 234 43 211
0.6192702513	252 21 2345 18
0.6187262921	37 14 27 4 6 7
0.6182176197	510 14 2728 127
0.6173747883	4 26 7 14 27 4
0.6161904690	920 38 920 11 1187
0.6147345209	7 44 24 878 6
0.6147301931	218 61 18 798 634
0.6147214052	37 14 943 4 898 6
0.6147214052	7 14 27 4 45 6
0.6147214052	7 14 27 4 6 61
0.6146168738	37 6 943 7 44
0.6137175322	7 44 24 249 6
0.6133514670	14 27 4 466 6
0.6133514670	14 27 4 878 6
0.6133514670	14 27 4 2295 6
0.6133514670	14 27 4 45 6
0.6133514670	216 72 988 34 990
0.6133514670	14 27 4 4504 6
0.6129200942	4 272 252 53 18
0.6122156330	37 6 943 7 3391
0.6121048848	7 14 623 252 11
0.6118702797	14 592 1801 152
0.6108148306	14 58 38 883 4
0.6106708124	218 61 18 798 14
0.6099481890	2 743 2185 7 6
0.6098702797	21 2757 18 219
0.6098702797	237 1108 420 152
0.6091401107	218 61 18 668 14
0.6085561862	17649 312
0.6084684315	218 61 18 64 14
0.6080120064	37 14 27 4 6 38
0.6080120064	38 26 7 14 27 4
0.6076413011	170 61 7 44 24
0.6072727379	764 4 14 623 252 21 18
0.6065468897	7 44 24 990 6 65
0.6062225409	18 690 96 26
0.6062225409	18 798 634 26
0.6045519716	53 152 7 14 27 4
0.6045519716	1108 152 7 14 27 4
0.6045519716	21 18 219 14 58 4
0.6033206556	60 61 26 65 26 66
0.6027877200	26 53 29 4 14
0.6027877200	57 4 14 178 4
0.6016669162	24 629 11934 6 65
0.6012366867	18 6 24389 65 26
0.6009929310	399 400
0.6009929310	4096 312
0.6009929310	2051 1172
0.6002122911	939 4125
0.5999402994	5874 317
0.5987956245	939 486
0.5980253425	37 14 27 4 2295
0.5980253425	7 14 27 4 914
0.5978756059	1108 238 18 157 43
0.5972988267	44 24 6 65 6 66
0.5968622034	1191 34 7 491 24
0.5959717823	18 219 14 58 4 26
0.5947058887	1191 38 7 491 24
0.5907486100	61 26 65 26 66 53
0.5887486100	26 65 26 66 11 2
0.5882152766	26 65 26 66 7 14
0.5855780761	14 764 4 14 252
0.5847376701	14 764 4 272 252
0.5835001105	764 4 272 252 21 18
0.5835001105	218 4 272 252 21 18
0.5835001105	117 4 272 252 21 18
0.5835001105	764 4 272 252 53 18
0.5830655168	271 65 839 66 224
0.5827630199	943 4 898 6 65 913 66 216
0.5827630199	65 4497 11 920 1297 18
0.5827630199	16868 5558 4
0.5816084611	2 499 25 365
0.5809583897	839 808 224 4558
0.5809583897	839 808 224 3550
0.5809583897	839 808 224 809
0.5803597014	839 808 224 1325 839 808 224
0.5803597014	14 27 4 6 65 6 66
0.5801989177	603 61 2 72 4
0.5792238674	271 65 839 66 224 26
0.5792238674	2 1078 11 278 11
0.5783522567	2 278 11 277 11
0.5775538899	26 65 8099 66 53
0.5755049201	26 65 26 66 237 1108
0.5692953337	33 278 18 690 96
0.5691645755	218 61 18 219 14
0.5670696304	272 252 21 2757 18
0.5634614551	26 37 14 943 4
0.5571043111	7 14 27 4 6 11
0.5571043111	82 839 808 224 18 839 808 224
0.5566287170	629 11934 6988
0.5515663991	14 996 4 2054 6
0.5488583805	37 474 387 654
0.5488583805	33 278 18 690
0.5488583805	14 592 379 152
0.5476298825	7 44 24 247 18
0.5476078537	33 1554 5666 18 690
0.5466815075	18 64 14 58 38
0.5462564935	11934 6988
0.5462564935	17833 6988
0.5459424476	474 779 748 4
0.5455917551	18 798 14 58 38
0.5447964309	37 6 943 7 44 24
0.5430913222	250 1292 619 7
0.5430913222	272 252 848 18
0.5426881453	4998 792
0.5426746555	53 379 152 37
0.5426746555	53 420 152 37
0.5410913222	21 22 23 24
0.5407584218	18 219 14 1059 38
0.5384390071	14 232 4 272 252
0.5384390071	474 2 365 4 464
0.5384390071	14 117 4 272 252
0.5338035563	741 21 630 743 744
0.5338035563	741 33 630 743 1156
0.5292463849	18 64 14 178 4
0.5292463849	14 265 38 1059 4
0.5292463849	18 219 14 58 4
0.5292463849	2 72 4 44 24
0.5292463849	18 219 14 140 4
0.5292463849	14 27 4 1047 24
0.5292463849	18 338 14 140 4
0.5292463849	18 798 14 140 4
0.5292463849	18 219 14 178 4
0.5292463849	0 460 14 140 4
0.5292463849	18 520 14 178 4
0.5292463849	14 27 4 1798 37
0.5292463849	0 131 14 178 4
0.5288456446	26 65 26 66 53 2
0.5265210193	237 1108 152 7 14
0.5251547919	7 260 18 219 14
0.5251547919	33 580 1279 7 14
0.5202532866	237 1108 238 18 157
0.5185860571	839 808 224 3126
0.5159247517	14 2547 2548
0.5149247517	272 1 1584
0.5124570720	18 798 634 14
0.5120923157	14 764 4 272 252 53
0.5120923157	7 14 996 4 44 24
0.5120923157	53 43 7 14 27 4
0.5120923157	474 14 903 4 14
0.5120923157	4 272 252 21 18
0.5101504593	18 157 319 43 319
0.5006611838	272 252 21 18 219
0.4954667559	278 18 690 96
0.4941923956	65 839 66 224 26
0.4915188032	2 499 25 365 4
0.4895729969	2 2940 1417 4
0.4876579829	14 764 4 14 252 21
0.4856555093	18 510 14 2728
0.4821937329	438 1474 655 127
0.4821937329	33 1554 811 18 690 96
0.4821937329	231 232 655 127
0.4821937329	438 1132 655 127
0.4821937329	438 232 655 127
0.4813702035	272 252 2631 18
0.4803702035	7 44 228 82
0.4752839371	7 14 623 252 11 0
0.4715392719	0 460 14 178 4
0.4715392719	18 338 14 178 4
0.4715392719	14 58 38 1482 4
0.4715392719	14 67 38 892 4
0.4715392719	0 1 2 3 4
0.4715392719	18 668 14 140 4
0.4657704877	474 387 319 43 319
0.4618606919	7 272 252 11 0
0.4532516623	37 14 27 4 44 24
0.4532516623	7 14 27 4 6 7
0.4532516623	37 14 943 38 27 4
0.4532516623	7 14 27 4 44 24
0.4532516623	14 619 4 26 7 14
0.4522516623	14 764 4 14 252 21 18
0.4522516623	53 29 4 14 592
0.4522516623	4 272 252 33 18
0.4503995448	479 53 2447 127
0.4503995448	319 250 7007 18
0.4489828782	33 234 4590 18
0.4483995448	237 1108 1119 18
0.4483995448	206 1108 238 18
0.4471738415	231 218 21 18
0.4448681676	14 1059 38 58 4
0.4237284406	237 1108 238 18
0.4017935727	14 95 4 26 7 14
0.3604112508	37 14 27 4 6 65
0.3564851308	843 5155
0.3548952183	18 26 65 26 66 11
0.3496544529	3195 3460
0.3496544529	1787 11501
0.3496544529	24611 2006
0.3469914484	2199 12996
0.3294041779	790 571
0.3272989147	1056 1057
0.3114390969	15423 939
0.3085602450	4 26 37 14 27 4
0.3085602450	4 14 58 38 1059 4
0.3085602450	37 14 943 4 6 7
0.3085602450	14 58 38 1059 4 14
0.3013733847	25482 2006
0.3013733847	535 13222
0.3013733847	548 15651
0.2987103801	535 3042
0.2980773392	7232 340
0.2980773392	3305 102
0.2980773392	9813 1417
0.2966577486	8382 102
0.2966051170	1442 102
0.2672631241	61 18 64 14 58 38 1059
0.2657512193	61 18 219 14 58 38 1059
0.2541455789	44 7 14 26 311
0.2516575054	764 4 14 252
0.2516575054	232 4 272 252
0.2516575054	57 4 14 58
0.2516575054	57 4 14 178
0.2516575054	58 4 14 491
0.2516575054	117 4 272 252
0.2512841939	26 37 27 4 6
0.2512841939	1544 18 474 387 7891
0.2512841939	27 4 6 24 26
0.2512841939	27 4 6 7 44
0.2512841939	1059 38 58 4 26
0.2512841939	943 4 6 38 81
0.2508339760	52 771 607 66
0.2450657890	65 606 607 11
0.2450657890	11 606 607 66
0.2450155307	252 21 18 520
0.2447308730	189 157 250 43
0.2442615748	388 18 474 387
0.2437880112	65 771 607 11
0.2437880112	11 771 607 66
0.2436782414	238 18 157 43
0.2434380454	1298 24 250 76
0.2433890803	1279 7 14 26 311
0.2420215096	1191 34 7 491
0.2411391566	252 21 18 219
0.2398613788	66 53 2 482
0.2379688780	66 237 1108 152
0.2377994971	26 53 2 432
0.2377994971	6 53 2 482
0.2370865250	26 237 1108 152
0.2360064928	61 7 2 278
0.2343704171	26 53 250 43
0.2320798604	61 7 272 252
0.2319139802	26 37 14 943
0.2310221358	66 7 14 26 311
0.2295139463	11 318 319 26
0.2286105622	6 7 14 3119
0.2259803379	58 38 1059 4 26
0.2213184892	66 7 44 24 6
0.2207851559	26 7 44 24 6
0.2188571711	65 606 607 66
0.2175793934	1191 38 7 491
0.2175793934	65 771 607 66
0.2167602601	252 21 18 338
0.2158779072	252 21 18 64
0.2148684473	252 21 18 668
0.2073434534	40 37 14 27
0.2066822547	3863 224 4863 3953 3863 224
0.2066822547	184 65 66 224
0.2066822547	4482 65 1236 66
0.2066822547	2384 4 355 6
0.2066822547	2316 6 65 7895
0.2066822547	463 2227 224
0.2066822547	522 839 808
0.2066822547	2934 6 386
0.2066822547	737 1352 451
0.2066822547	66 53 224 65 2494 66 2495 224 2496 224 2497 224
0.2066822547	4871 224 4872 224 65 8102 284 66 4872 224 65
0.2066822547	4872 224 65 8102 284 66 4872 224 65
0.2066822547	66 53 224 65 2494 66 2495 224
0.2066822547	2227 224 73 40 11 491 2227 224
0.2066822547	943 4 898 6 65 913 66
0.2066822547	4872 224 65 26 66 4872 224
0.2066822547	808 1476 73 8323 1900 168
0.2066822547	12396 1734 383 65 6 66
0.2066822547	3863 224 68 459 3863 224
0.2066822547	3934 6 65 735 66
0.2066822547	808 1476 1139 2227 224
0.2066822547	66 4872 224 8133 65
0.2066822547	65 4497 11 920 1297
0.2066822547	2227 224 465 2227 224
0.2066822547	4883 224 4884 2612 224
0.2066822547	2227 224 8102 8314 1900
0.2066822547	920 65 920 1297
0.2066822547	52 920 1297 11
0.2066822547	4503 140 4 26
0.2066822547	394 65 7934 66
0.2066822547	808 1476 766 1900
0.2066822547	996 4 45 6
0.2066822547	65 271 66 224
0.2066822547	284 66 4872 224
0.2066822547	748 4 886 6
0.2066822547	4880 224 4881 224
0.2066822547	27 4 898 6
0.2066822547	27 4 466 6
0.2066822547	748 4 898 6
0.2066822547	499 365 4 26
0.2066822547	95 2227 224 6
0.2066822547	27 4 4504 6
0.2066822547	388 4 355 6
0.2066822547	215 6 507 459
0.2066822547	1975 11 920 1297
0.2066822547	4756 4513 65
0.2066822547	65 807 808
0.2066822547	988 34 990
0.2066822547	920 1297 920
0.2066822547	1640 340 2648
0.2066822547	4782 38 4231
0.2066822547	864 1297 866
0.2066822547	252 3863 224
0.2066822547	268 269 11
0.2066822547	311 317 65
0.2066822547	864 920 866
0.2066822547	994 11 1070
0.2066822547	462 37 417
0.2066822547	2341 82 44
0.2066822547	1550 4 553
0.2066822547	629 587 187
0.2066822547	40 2227 224
0.2066822547	2831 462 11
0.2066822547	1 2 3
0.2066822547	808 1476 73
0.2066822547	985 4 986
0.2066822547	61 5180 4641
0.2066822547	224 3620 224
0.2066822547	2227 224 73
0.2066822547	920 1974 920
0.2066822547	11 920 3014
0.2066822547	61 839 808
0.2066822547	4872 224 8132 65 7891 66 4872 224 8133 65
0.2066822547	4871 224 4872 224 65 8102 284 66
0.2066822547	2494 66 2495 224 2496 224 2497 224
0.2066822547	2485 224 2486 224 2487 2488 224
0.2066822547	808 1476 585 95 2227 224
0.2066822547	4864 224 2547 2548 4865 224
0.2066822547	3863 224 4863 3953 4864 224
0.2066822547	224 2492 224 53 224 65
0.2066822547	4880 224 4881 224 4882 224
0.2066822547	1516 269 65 1390 66
0.2066822547	2227 224 1495 2227 224
0.2066822547	1067 383 65 1068 66
0.2066822547	2227 224 8 2227 224
0.2066822547	4873 224 4744 2227 224
0.2066822547	522 839 808 224 246
0.2066822547	2227 224 1757 2227 224
0.2066822547	629 17833 6 65 11924
0.2066822547	68 459 3863 224
0.2066822547	996 4 2054 6
0.2066822547	754 773 4 26
0.2066822547	1020 65 4684 66
0.2066822547	76 748 4 6
0.2066822547	5561 4 355 6
0.2066822547	7922 65 7935 66
0.2066822547	943 4 898 6
0.2066822547	920 1297 607 66
0.2066822547	27 4 947 6
0.2066822547	808 1476 585 95
0.2066822547	2655 65 66 808
0.2066822547	73 65 270 66
0.2066822547	1709 1367 4 26
0.2066822547	920 1297 18 52
0.2066822547	65 920 1325 920
0.2066822547	518 65 5072 66
0.2066822547	7891 11 11732 11
0.2066822547	2316 65 5923 66
0.2066822547	4871 224 4872 224
0.2066822547	52 771 842 66
0.2066822547	66 4872 224 65
0.2066822547	3231 4 11982 26
0.2066822547	26 66 4872 224
0.2066822547	27 4 2295 6
0.2066822547	1458 11 1383 11
0.2066822547	5759 3231 6
0.2066822547	6 12168 1729
0.2066822547	755 4 1346
0.2066822547	1185 11 1183
0.2066822547	65 920 3014
0.2066822547	2384 4 2934
0.2066822547	45 737 1352
0.2066822547	1046 38 971
0.2066822547	134 4 553
0.2066822547	1020 4756 4513
0.2066822547	281 1386 11
0.2066822547	2647 340 2648
0.2066822547	1805 915 6
0.2066822547	355 6 3350
0.2066822547	65 879 744
0.2066822547	4334 6 15
0.2066822547	178 2227 224
0.2066822547	4448 224 4862
0.2066822547	944 898 6
0.2066822547	914 2647 340
0.2066822547	1974 839 808
0.2066822547	144 4 4952
0.2066822547	695 37 417
0.2066822547	65 735 66
0.2066822547	67 38 892
0.2066822547	7840 68 3626
0.2066822547	1167 18 1751
0.2066822547	2045 34 86
0.2066822547	1325 839 808
0.2066822547	2227 224 1757
0.2066822547	2227 224 8318
0.2066822547	180 839 808
0.2066822547	2227 224 8102
0.2066822547	2227 224 980
0.2066822547	245 2227 224
0.2066822547	629 10727 6988
0.2066822547	268 73 65
0.2066822547	872 1411 65
0.2066822547	4448 224 4862 3863 224
0.2066822547	5561 4 26 388
0.2066822547	27 4 878 6
0.2066822547	864 140 4 26
0.2066822547	2579 4 9811
0.2066822547	464 2831 462
0.2066822547	1114 1400 6
0.2066822547	689 518 65
0.2058555074	245 18 246
0.2058555074	1176 232 61
0.2058555074	228 82 6
0.2058555074	1551 38 603 61
0.2058555074	11 4138 252
0.2058555074	44 12 1847
0.2058555074	44 245 246
0.2058555074	68 459 937
0.2058555074	189 157 152
0.2058555074	420 152 18 1463
0.2058555074	252 2631 18 64
0.2058555074	278 18 690
0.2058555074	6226 872 1411
0.2058555074	1179 1113 61
0.2058555074	1136 206 238
0.2058555074	798 634 26
0.2058555074	6 2384 2341
0.2058555074	1383 11 1403
0.2058555074	2631 18 338
0.2058555074	811 18 690
0.2058555074	248 34 466
0.2058555074	61 29 30
0.2058555074	65 472 473 474 475 66
0.2058555074	218 61 18 520
0.2050300807	457 11 277 11
0.2050300807	44 24 2745 2768 65 3391 66
0.2050300807	1020 26 65 12288 66
0.2050300807	12283 451 65 6 66
0.2050300807	44 24 629 11934
0.2050300807	7891 65 2038 66
0.2050300807	943 7 44 24 2745 2768
0.2050300807	629 11934 6988 65 6 66
0.2050300807	65 311 317 66
0.2050300807	7891 11 9147 11
0.2049081390	4042 4278 4276 805 65 6 66
0.2049081390	379 152 18 1463
0.2049081390	1060 18 219
0.2049081390	6 34 5673
0.2049081390	278 68 459
0.2049081390	355 6 7930
0.2049081390	278 689 518
0.2049081390	12283 451 65
0.2049081390	2757 18 798
0.2049081390	247 34 248
0.2049081390	10900 10901
0.2049081390	45 1019 2377
0.2049081390	248 249 6
0.2049081390	12 298 1006
0.2049081390	1245 994 170 61
0.2049081390	7252 7253 61
0.2049081390	2447 127 26
0.2049081390	2631 18 798
0.2048555074	269 65 2071 66
0.2043241984	629 10727 6 65 385 66
0.2043241984	394 11 7891 11
0.2037511517	1513 1514 1729 65 5179 66
0.2037511517	947 6 65 15650 66
0.2037511517	629 17833 6
0.2037511517	833 6 205
0.2037511517	625 2768 65
0.2037511517	7583 872 1411
0.2037511517	11 1083 252
0.2037511517	3195 11 986
0.2035464206	3025 6 65 3550 66
0.2035464206	26 65 6812 66
0.2035464206	11 920 1297 61
0.2035464206	920 26 24 255
0.2035464206	1544 18 7891 11
0.2035464206	7891 65 2038 66 491 37 654 65
0.2035464206	898 6 65 913 66
0.2035464206	465 44 24 629
0.2035464206	11 278 11 458
0.2035464206	65 771 807 66
0.2035057621	580 234 43
0.2035057621	393 127 26
0.2035057621	61 231 232
0.2035057621	510 14 2728
0.2034974512	117 61 14 764
0.2033862092	872 1411 65 6164 66
0.2033862092	1729 65 5179 66
0.2033862092	458 11 277
0.2033862092	1513 6 1729
0.2033862092	268 269 65
0.2033862092	6126 1352 6
0.2033862092	5629 11 6536
0.2033862092	247 18 248
0.2033862092	4494 38 2610
0.2033862092	2295 2290 6
0.2033862092	45 1734 6
0.2033862092	6 2199 749
0.2033862092	2831 462 65
0.2033862092	2831 462 66
0.2033862092	13 1514 187
0.2033862092	1267 216 124
0.2033862092	629 10727 6
0.2033862092	13 1514 187 65 6 66
0.2033862092	8105 37 451 168 38 943
0.2033862092	72 990 6929 65 6930 66
0.2033862092	119 2421 4346 65 4741 66
0.2033862092	4513 65 4755 66
0.2033862092	73 152 18 1463
0.2033862092	1140 38 8934
0.2033862092	535 25 3389
0.2033862092	1675 25 3389
0.2033862092	842 809 66
0.2033862092	1278 2 695
0.2033862092	25 3389 65
0.2033862092	3385 6 456
0.2033862092	11 458 459
0.2033862092	340 3865 65
0.2033862092	929 4536 6
0.2033862092	1954 38 2458
0.2033862092	2745 2768 65 15444 66
0.2033862092	2501 224 2502 224
0.2033862092	4276 805 65
0.2033862092	2831 2 695
0.2032559651	2529 38 603 61
0.2030766186	990 6 65 6 66
0.2030766186	65 5923 66 6 65 6 66
0.2028555074	1378 38 1299
0.2028555074	45 6348 6
0.2028555074	3104 287 538
0.2028555074	72 1641 1005
0.2028555074	4741 6 1283
0.2028555074	1710 65 24997 66
0.2028555074	1120 2054 90
0.2028555074	278 689 459
0.2028555074	1001 689 518
0.2028555074	189 157 43
0.2028028758	1283 33 580 1279
0.2028028758	754 26 773
0.2028028758	467 6 451
0.2028028758	675 38 3949
0.2028028758	252 2529 61
0.2028028758	1615 2 743
0.2028028758	2199 749 1648
0.2028028758	508 38 73 766 65 2263 66
0.2028028758	277 11 458 252
0.2028028758	63 61 18 798
0.2028028758	8105 37 451 168
0.2028028758	6160 872 1411
0.2028028758	5666 18 690
0.2028028758	1642 254 26
0.2028028758	12 33 622
0.2028028758	11 4978 311
0.2028028758	1786 6 187
0.2028028758	2757 18 219
0.2028028758	2047 1732 451
0.2028028758	742 743 744
0.2028028758	508 38 73 766
0.2028028758	540 390 355 6
0.2028028758	8570 340 3865
0.2028028758	66 33 1554
0.2028028758	65 879 522
0.2028028758	189 157 1530
0.2028028758	499 25 365
0.2028028758	26 540 390
0.2028028758	482 3257 6
0.2028028758	986 38 3245
0.2027196734	165 61 272 252
0.2027196734	170 61 272 252
0.2026640677	65 839 66 224
0.2026640677	65 771 842 66
0.2026640677	11 7905 11 38 7922
0.2026640677	11 771 842 66
0.2026640677	26 65 15367 66
0.2026640677	2629 65 6 66
0.2026640677	920 1297 18 66
0.2026640677	920 1297 18 11
0.2026640677	26 65 1385 66
0.2026640677	65 464 462 66
0.2026640677	65 920 1297 11
0.2026640677	920 1297 11 66
0.2026640677	65 864 866 66
0.2026640677	629 11934 6 65
0.2026640677	65 2655 65 66
0.2026640677	65 920 1297 66
0.2021640677	277 11 278 11
0.2021640677	11 920 1297 11
0.2021640677	65 7986 66 11
0.2021640677	44 12 1006 26
0.2021640677	26 65 7902 66
0.2021640677	11 277 11 278
0.2018373204	218 61 272 252
0.2018373204	60 38 117 61
0.2018028758	117 61 18 798
0.2017723050	68 58 38 1059
0.2017340353	278 11 277 252
0.2017340353	277 11 458 11
0.2013862899	26 65 932 66
0.2013862899	44 24 3934 6
0.2013862899	61 65 1984 66
0.2013862899	218 61 14 218
0.2013862899	26 65 7935 66
0.2013862899	388 7 355 6
0.2013862899	252 131 14 58
0.2013862899	2648 915 65 6 66
0.2013862899	26 2655 65 66
0.2013862899	26 65 7986 66
0.2013862899	26 65 9464 66
0.2011507019	63 61 272 252
0.2006153177	278 11 458 11
0.2005595427	61 14 623 252
0.2005595427	6 52 705 11
0.2004214268	61 2 60 61
0.2002503751	6 1283 33 580
0.2000635386	2551 65 6 66
0.2000635386	131 24 846 11
0.1999731509	6 7 44 961
0.1999731509	44 24 1544 6
0.1999589715	44 24 45 6
0.1993680222	26 65 11504 66
0.1993680222	6 943 7 3391
0.1993680222	26 65 3565 66
0.1993244081	44 24 286 843 65 6 66
0.1993244081	7891 11 26 11 7922
0.1993244081	7891 11 26 11 7905
0.1993244081	65 770 66 66
0.1993244081	66 11 9147 65
0.1993244081	26 65 11933 66
0.1993244081	6 7 44 24 2745 2768
0.1993244081	6 65 7895 66
0.1993244081	44 24 9123 6
0.1993244081	26 65 1382 66
0.1993244081	65 5923 66 6
0.1992578598	6 142 26 3231
0.1992367913	152 18 1463 6
0.1991953731	44 24 878 6
0.1990040137	7891 65 7892 66 38 26 65 26 66
0.1988680222	743 2185 7 6
0.1988680222	278 11 277 11
0.1987871411	26 65 669 66
0.1987871411	44 24 947 6
0.1987871411	61 2 218 61
0.1987871411	843 65 6 66
0.1987871411	26 65 409 66
0.1987871411	44 24 914 6
0.1987871411	6988 65 6 66
0.1987871411	26 65 770 66
0.1987871411	44 24 3025 6
0.1987871411	920 11 920 11 38 920
0.1987871411	44 24 1352 6
0.1987846889	6 65 8187 66
0.1987846889	248 18 466 6
0.1987846889	60 38 63 61
0.1987846889	60 61 272 252
0.1987157125	65 770 66 11
0.1982846889	44 24 1025 6
0.1980902444	26 65 8099 66
0.1979603938	465 44 24 6
0.1979603938	65 1987 66 26
0.1977871411	66 38 7922 65
0.1977871411	24389 65 26 66
0.1977871411	44 24 833 6
0.1977871411	6 65 11924 66
0.1977871411	66 11 394 65
0.1975595427	44 24 1154 6
0.1975502925	26 66 53 420
0.1975069111	603 38 232 61
0.1975069111	26 65 13018 66
0.1970278686	805 65 6 66 11
0.1966771054	44 38 603 61
0.1966771054	61 2 278 11
0.1963933052	1298 24 26 388
0.1962367913	43 7 1291 6
0.1960729107	44 24 466 6
0.1960283627	65 7892 66 11
0.1954910956	44 24 1114 6
0.1949077622	629 38 45 6
0.1948560381	44 24 990 6
0.1944910956	2006 65 26 66
0.1944910956	44 24 249 6
0.1908084670	44 24 6 23 24
0.1879699162	218 61 14 117 4
0.1879699162	920 1297 11 771 607
0.1879699162	1241 58 38 1059 4
0.1859798439	6 451 65 6 66
0.1850732578	1020 26 65 26 66
0.1821656866	63 61 18 668
0.1821656866	252 21 2345
0.1820450654	247 18 248 249 6
0.1820450654	7891 65 7892 66
0.1820450654	1738 4 1739
0.1820450654	66 4873 224
0.1820450654	4863 3953 3863 224
0.1820450654	4863 3953 4864 224
0.1820450654	1757 2227 224
0.1820450654	8102 8314 1900
0.1820450654	929 930 931
0.1818916523	26 65 26 66 224
0.1812183181	189 157 1886
0.1805135126	63 61 18 64
0.1803928915	629 11934 6 65 11924 66
0.1803928915	1020 65 1987 66
0.1803071112	61 26 65 26 66
0.1803071112	6 65 6 66 27
0.1803071112	6 65 6 66 44
0.1797737779	11 26 65 26 66 11
0.1797737779	66 38 26 65 26 66
0.1797737779	66 6 65 6 66
0.1789092313	457 11 278 11
0.1787490199	9147 11 7905
0.1787490199	2858 287 459
0.1787490199	2858 287 252
0.1787490199	2745 2768 65 3391 66
0.1787490199	2631 18 219
0.1781474996	218 61 14 764
0.1780824841	218 61 18 668
0.1775135126	218 61 18 338
0.1774617885	11 277 11 458
0.1770968460	63 61 14 764
0.1765135126	117 61 18 64
0.1765135126	63 61 18 219
0.1765135126	117 61 18 219
0.1751474996	218 61 18 219
0.1750298525	218 61 18 798
0.1747308329	1078 11 278 11
0.1746942832	338 14 140 4
0.1746942832	943 38 27 4
0.1746942832	73 4 1798 37
0.1746942832	460 14 140 4
0.1746942832	219 14 140 4
0.1746942832	668 14 140 4
0.1746942832	64 14 178 4
0.1746942832	883 4 26 38
0.1746942832	219 14 265 4
0.1746942832	6 16 3231 4
0.1746942832	520 14 178 4
0.1746942832	946 14 140 4
0.1746942832	1059 38 883 4
0.1746942832	6 142 3231 4
0.1746942832	265 38 1059 4
0.1746942832	131 14 178 4
0.1746942832	58 38 1482 4
0.1746942832	131 14 58 4
0.1746942832	27 4 247 18
0.1746942832	920 52 771 607
0.1746942832	61 2 57 4
0.1746942832	1018 14 178 4
0.1746942832	64 14 58 4
0.1746942832	460 14 178 4
0.1746942832	219 14 178 4
0.1746942832	668 14 58 4
0.1746942832	27 4 1047 24
0.1746942832	2136 14 67 4
0.1746942832	27 4 1798 37
0.1746942832	64 14 265 4
0.1746942832	338 14 178 4
0.1746942832	2136 14 748 4
0.1746942832	1 14 3 4
0.1746942832	152 37 27 4
0.1746942832	26 53 29 4
0.1746942832	1307 14 748 4
0.1746942832	798 14 140 4
0.1746942832	148 14 140 4
0.1742308329	11 278 11 277
0.1741474996	218 61 18 64
0.1739127350	26 37 6 943 7
0.1739127350	65 920 66 7 14
0.1738707538	311 65 771 607
0.1731499518	58 11 1059 11
0.1718078400	218 61 18 252
0.1716402204	65 26 66 53 2
0.1708107881	61 18 798 634
0.1708107881	2757 18 64 14
0.1704685799	920 11 771 607
0.1704685799	269 11 318 319
0.1701316749	65 6 66 53 2
0.1688084492	66 65 606 607
0.1674086142	252 21 2757 18
0.1669116238	311 131 24 14
0.1666308364	252 21 608 18
0.1666308364	11 0 2631 18
0.1666308364	61 0 1060 2
0.1666308364	26 1753 18 157
0.1663414898	1047 38 2074 24
0.1653743567	65 770 66 38
0.1653743567	152 7 491 24
0.1644707057	11 0 460 14
0.1644707057	61 18 520 14
0.1643743567	58 38 1059 7
0.1638516581	170 61 7 272
0.1631504286	66 33 131 7
0.1631504286	653 7 44 24
0.1631504286	846 7 44 24
0.1626787045	66 11 20 53
0.1626787045	66 33 23 24
0.1626787045	11 33 23 24
0.1626787045	11 0 131 14
0.1626660602	117 61 14 117 4
0.1625782048	252 21 1060 18
0.1624070569	26 53 234 43
0.1623143910	26 189 157 2
0.1623143910	219 14 58 38
0.1622791852	420 152 37 14
0.1617791852	580 1279 7 14
0.1616958519	12 33 23 24
0.1613143910	26 66 237 1108
0.1611958519	420 152 7 14
0.1611958519	52 705 11 14
0.1610687133	60 61 26 11 2
0.1604180741	64 14 1059 38
0.1603823598	11 0 946 14
0.1602700819	743 744 7
0.1602700819	22 23 24
0.1602700819	1136 655 127
0.1602700819	252 782 127
0.1602700819	27 3907 37
0.1602700819	866 52 771
0.1602700819	534 1267 216
0.1602700819	743 4177 7
0.1602700819	379 152 7
0.1602700819	1474 655 127
0.1602700819	232 655 127
0.1602700819	5871 40 37
0.1602700819	252 1615 127
0.1602700819	232 910 127
0.1602700819	232 1615 127
0.1602700819	1011 43 7
0.1602700819	232 1422 127
0.1602700819	2152 224 38
0.1602700819	189 550 18
0.1602700819	1132 655 127
0.1602301625	629 5646 4
0.1602301625	11 1059 11 38 883 4
0.1602301625	2934 6 2384 2341 82
0.1602301625	2227 224 6 808 1476
0.1602301625	2227 224 26 808 1476
0.1602301625	52 920 1297 18
0.1602301625	1900 463 808 1476
0.1602301625	1325 920 11 771
0.1602301625	65 3013 607
0.1602301625	2384 1544 18
0.1602301625	1357 1358 4
0.1602301625	4873 224 4744
0.1602301625	985 664 4
0.1602301625	842 808 607
0.1602301625	74 265 4
0.1602301625	454 5561 4
0.1602301625	2831 462 37
0.1602301625	2227 224 1476
0.1602301625	2940 1417 4
0.1602301625	65 66 11 7949 839
0.1602301625	807 808 607
0.1602301625	743 744 254
0.1602301625	743 1156 254
0.1602301625	936 1220 4
0.1602301625	4189 1738 4
0.1602301625	5742 178 4
0.1600904629	131 14 58 38
0.1600904629	6 33 278 18
0.1597990265	61 272 252 21
0.1597990265	603 61 7 272
0.1597990265	26 65 771 607
0.1597736642	252 18 219 14
0.1596187388	1018 7 44 24
0.1596187388	946 7 44 24
0.1588677050	68 518 206
0.1588450927	66 33 278 18
0.1588450927	44 33 23 24
0.1588450927	61 18 338 14
0.1588029744	14 140 4 26 65
0.1588029744	14 140 4 26 11
0.1588029744	14 27 4 629 6
0.1588029744	14 95 4 26 65
0.1588029744	14 178 4 26 65
0.1582617594	61 26 237 1108
0.1578007837	872 1411 7
0.1576360414	6 21 23 24
0.1576360414	23 24 26 34
0.1576016922	805 65 6 66 38
0.1576016922	6 218 61 18
0.1572700819	27 1053 37
0.1572174503	1292 619 7
0.1572174503	748 749 37
0.1572174503	743 1156 7
0.1572174503	252 848 18
0.1572174503	580 1279 211
0.1572174503	748 822 37
0.1572174503	29 30 38
0.1569178578	11 920 1297 18
0.1569178578	920 1297 11 18
0.1566211647	61 18 64 14
0.1561517862	619 4 26 7 14
0.1561517862	58 38 1059 4 14
0.1561517862	140 4 26 142 14
0.1561517862	26 7 14 27 4
0.1561517862	95 4 26 7 14
0.1561517862	152 7 14 27 4
0.1561517862	61 14 218 4 272
0.1561517862	61 14 117 4 272
0.1561517862	27 4 6 7 14
0.1561517862	58 4 26 7 14
0.1561517862	26 37 14 27 4
0.1561517862	178 4 26 142 14
0.1561517862	73 7 14 27 4
0.1561517862	73 37 14 27 4
0.1561517862	2264 37 14 27 4
0.1561517862	26 7 14 996 4
0.1561517862	43 7 14 27 4
0.1561517862	26 7 14 943 4
0.1561517862	61 14 764 4 14
0.1561517862	846 7 14 27 4
0.1561517862	269 37 14 27 4
0.1561517862	152 37 14 27 4
0.1561517862	66 37 14 27 4
0.1560378314	3634 18 26 7
0.1560378314	603 61 7 2
0.1555889801	26 218 61 18
0.1555661072	11 26 237 1108
0.1555661072	61 18 668 14
0.1555661072	61 18 798 14
0.1555661072	441 7 44 24
0.1550210324	26 311 65 771
0.1548443891	37 6 943 7 2745
0.1541667432	26 21 1298 24
0.1539554895	6 65 913 66 7
0.1535834098	6 53 1298 24
0.1535834098	26 53 1298 24
0.1532401984	7764 11 26 11 38
0.1532176312	60 61 6 53
0.1520609519	589 61 26 53
0.1520083203	252 218 61 18
0.1515261107	218 61 26 53
0.1510543865	2054 6 168 7
0.1507483329	60 61 26 53
0.1507415330	7 14 26 311 65
0.1504710532	60 61 26 237
0.1504710532	117 61 26 53
0.1504710532	603 61 44 24
0.1494728724	52 606 607
0.1494728724	61 606 607
0.1494728724	1279 211 127
0.1494728724	807 34 607
0.1494728724	12 1000 133
0.1489400531	1010 18 157
0.1489400531	382 318 319
0.1489400531	12 1470 133
0.1489400531	4590 18 157
0.1489400531	233 18 157
0.1489400531	269 318 319
0.1489400531	798 634 14
0.1484856653	764 4 14 623 252 21
0.1484856653	58 38 883 4
0.1484856653	219 14 58 4
0.1484856653	61 2 72 4
0.1484728724	29 4 14 592
0.1484728724	131 24 132 4
0.1484728724	561 18 127 4
0.1484728724	131 24 127 4
0.1482710386	24 6 23 24 26
0.1475753864	7 44 24 6 65
0.1475753864	7 44 24 6 11
0.1471165237	1753 18 157 2
0.1469400531	12 298 1108
0.1464707549	4272 18 157
0.1464707549	393 127 14
0.1458874215	284 318 319
0.1458874215	189 133 157
0.1458874215	29 34 234
0.1458874215	189 157 234
0.1454693912	66 319 787 319
0.1448260425	7891 11 26 11 38
0.1440638921	61 741 21 630
0.1435535279	26 65 26 66 53 14
0.1435535279	26 65 26 66 37
0.1435535279	6 65 6 66 53
0.1433092605	311 211 7 14
0.1432450515	11 741 21 630
0.1430201946	26 65 26 66 18
0.1429628101	271 65 839 66
0.1429628101	37 943 4 898
0.1429628101	2 72 4 44
0.1429628101	14 27 4 2295
0.1429628101	14 27 4 914
0.1429628101	4 629 38 45
0.1429628101	16 14 534 1267
0.1429628101	14 996 4 2054
0.1429628101	4 6 34 81
0.1429628101	4 1798 37 6
0.1429628101	14 996 4 45
0.1429628101	14 996 4 629
0.1429628101	2 365 4 464
0.1429628101	4 248 18 466
0.1429628101	4 14 623 252
0.1429628101	14 73 4 1798
0.1422741491	26 65 26 66 237
0.1419963413	44 24 38 736
0.1417719935	11 24 34 736
0.1413220535	6 65 606 607
0.1412391742	66 53 14 592
0.1410849208	6 319 787 319
0.1410763413	11 20 53 2
0.1397168795	0 2631 18 64
0.1397168795	21 1060 18 64
0.1397168795	234 43 211 846
0.1397168795	3930 9115
0.1391039763	1108 152 18 1463
0.1391039763	272 252 21 2757
0.1389942238	61 272 21 2
0.1388933501	250 43 38 432
0.1385459479	26 53 14 592
0.1382534467	7 44 24 1025
0.1382534467	606 607 66 11
0.1380742238	26 237 1108 14
0.1377534467	771 607 66 11
0.1367168795	0 623 2 3
0.1365802610	464 2831 2
0.1365802610	44 228 82
0.1360828692	7 44 24 2745
0.1360828692	7 44 24 915
0.1360828692	7 44 24 1544
0.1357168795	474 387 319 43
0.1357168795	7 2 1673 1358
0.1356915649	7 44 24 990
0.1356915649	7 44 24 249
0.1356915649	7 44 24 587
0.1356915649	7 44 24 833
0.1356915649	7 14 168 311
0.1356915649	319 43 319 26
0.1356905737	7 44 24 990 6 65 6 66
0.1355929732	72 988 34
0.1354872340	603 61 272 21
0.1350828692	7 44 24 914
0.1350075160	53 250 43 27
0.1350075160	18 64 14 265
0.1350075160	234 43 211 26
0.1341613270	272 56 252
0.1341613270	2 743 2123
0.1341613270	2 277 11 458
0.1341613270	474 387 413
0.1341613270	319 4070 61
0.1341613270	630 743 1156
0.1341613270	592 1801 152
0.1341613270	42 379 152
0.1341613270	1108 420 152
0.1341613270	2 742 743
0.1341613270	272 252 460
0.1341613270	630 742 743
0.1341613270	42 420 152
0.1341613270	231 232 655
0.1341613270	21 580 912
0.1341613270	438 232 655
0.1341613270	133 580 926
0.1335484238	272 252 2631
0.1333073725	839 808 224 180 839 808 224
0.1333073725	4 7891 11 26 11
0.1333073725	18 7891 65 7892
0.1333073725	607 52 920 1297
0.1333073725	4 7891 11 9147
0.1333073725	4 629 11934 6
0.1333073725	7 44 961 72
0.1333073725	4 534 1798
0.1333073725	4 1516 269
0.1333073725	132 12 1006
0.1333073725	142 872 1411
0.1333073725	24 629 10727
0.1333073725	216 72 990
0.1333073725	24 629 17833
0.1333073725	216 72 988
0.1333073725	37 629 11934
0.1333073725	4 2934 6 2384
0.1333073725	839 808 224
0.1332877079	24 6 33 23
0.1328369386	7 44 24 248
0.1325213202	3014 1124 65 1297 66
0.1325213202	571 65 791 66
0.1325213202	65 27964 66
0.1324911762	7 1047 38 2074
0.1324456343	21 946 7 44
0.1320075160	24 248 18 466
0.1320075160	18 219 14 265
0.1318369386	1108 23 24 26
0.1315908494	37 14 534 1167
0.1312240354	127 26 53 43
0.1311613270	33 1011 43
0.1311613270	474 779 748
0.1311096029	2 697 252
0.1310908494	18 219 14 1059
0.1310908494	18 668 14 58
0.1310908494	18 219 14 140
0.1310908494	18 338 14 58
0.1310075160	53 152 18 1463
0.1310075160	2 432 38 43
0.1308255213	66 7 14 27 4
0.1308255213	66 53 29 4 14
0.1307446603	319 5871 40
0.1307446603	319 6301 40
0.1307446603	474 387 29
0.1307446603	2 3 1
0.1307446603	21 580 1279
0.1307446603	2 5378 365
0.1307446603	2 2858 287
0.1307446603	630 743 744
0.1307446603	2 1709 1367
0.1306715385	37 2054 6 996
0.1305075160	18 798 14 58
0.1305075160	7 44 24 1154
0.1301847647	21 1018 7 44
0.1301613270	592 379 152
0.1301613270	474 387 654
0.1301613270	7 1360 246
0.1301613270	216 215 124
0.1301613270	2 56 252
0.1298292135	61 18 219 14
0.1294694250	318 319 26 11
0.1294694250	7 44 24 3391
0.1294636112	14 623 252 11
0.1293487871	14 168 311 65
0.1291847647	18 64 14 58
0.1290009610	312 65 26 66
0.1288369386	7 44 24 247
0.1286096567	37 2054 6 168
0.1286088263	24 629 11934 6
0.1286088263	2 277 11 278
0.1284202720	14 1059 38 58
0.1284202720	318 319 26 65
0.1284202720	7 44 24 1114
0.1283502212	33 23 24 26
0.1282975061	37 14 27 4 45
0.1282975061	37 14 27 4 629
0.1282975061	37 14 27 4 44
0.1282975061	37 14 943 4 6
0.1282975061	37 14 996 4 6
0.1282975061	14 218 4 272 252
0.1282975061	7 14 943 4 6
0.1282975061	14 764 4 14 623
0.1282975061	37 14 943 4 898
0.1282975061	7 14 996 4 6
0.1282975061	7 14 27 4 629
0.1282975061	7 14 27 4 44
0.1281088263	37 2054 6 456
0.1280009610	37 654 65 66
0.1280009610	37 2316 6 65
0.1280009610	18 6 24389 65
0.1280009610	14 58 11 1059
0.1279581253	6 33 23 24
0.1275254930	14 846 311 65
0.1272253555	26 65 771 842
0.1264382489	24 990 6 65
0.1262604923	170 61 7 44
0.1254093529	14 27 4 1798
0.1231340962	34 7 491 24 26
0.1218491597	24 7891 11 26 38
0.1217328457	37 6 65 6 66
0.1213398929	7 260 18 219
0.1208566875	4 14 592 482
0.1208566875	606 607 52
0.1208566875	82 839 808
0.1208566875	21 839 808
0.1208566875	607 839 808
0.1201999894	7 14 846 311
0.1201379033	741 21 630 743
0.1201379033	954 157 1530
0.1201379033	166 157 152
0.1201379033	298 1108 23
0.1201379033	1000 133 801
0.1201379033	741 33 630 743
0.1201379033	234 211 246
0.1201379033	935 2 695
0.1201379033	206 1108 238
0.1201379033	206 1108 1119
0.1201379033	2157 133 801
0.1201379033	1172 2 90
0.1201379033	1000 133 175
0.1201379033	237 1108 1362
0.1201379033	21 474 387
0.1201379033	237 1108 349
0.1201379033	237 1108 1018
0.1195250001	1000 133 580
0.1192607734	11 319 787 319
0.1181381077	18 219 14 58
0.1181379033	741 21 630 744
0.1181379033	37 998 246
0.1181379033	1000 133 3730
0.1179122000	18 157 234 43
0.1177212367	1000 133 2136
0.1177212367	319 250 7007
0.1177212367	954 157 152
0.1175294120	7 44 24 286
0.1171792984	53 379 152
0.1171792984	438 1474 655
0.1171792984	250 1292 619
0.1171792984	53 420 152
0.1171792984	21 22 23
0.1171792984	272 252 848
0.1171379033	53 787 1677
0.1171379033	741 33 630 1156
0.1171379033	2038 216 124
0.1171379033	14 592 593
0.1169790376	53 152 7 14 27
0.1168977073	53 14 592 482
0.1163253438	607 11 920 1297
0.1163143739	53 14 592 379
0.1163143739	741 21 2 743
0.1155957942	24 34 736 26
0.1140118732	18 157 250 43
0.1139285399	272 53 14 534
0.1134540588	7 44 24 23384
0.1120434643	2 278 11 277
0.1116264018	37 14 27 4 6
0.1116264018	7 14 27 4 45
0.1111310947	14 4503 58 4
0.1111310947	14 4503 178 4
0.1111310947	250 76 748 4
0.1111310947	4 898 6 216
0.1111310947	4 491 40 24
0.1111310947	14 585 58 4
0.1111310947	2 1673 1358 4
0.1111310947	2 1241 252 4
0.1111310947	4 6 2184 137
0.1111310947	2 278 459 4
0.1111310947	2 499 365 4
0.1111310947	4 218 61 18
0.1111310947	14 4503 140 4
0.1110618386	4 26 65 26 66 7
0.1110434643	2 1078 11 278
0.1108668147	7 14 623 252
0.1077250436	26 65 606 607
0.1071276135	771 842 66 38
0.1071059960	64 14 58 38
0.1071059960	946 14 58 38
0.1066276135	7 44 12 298
0.1066276135	38 920 11 1187
0.1053998703	37 6 168 216
0.1049132242	33 580 1279 7
0.1047483496	272 252 946 14
0.1044298172	18 1463 6 7
0.1042483496	127 26 189 157
0.1042483496	272 252 131 14
0.1042483496	250 43 27 37
0.1034667990	237 1108 1119
0.1034667990	237 1108 420
0.1034667990	237 1108 238
0.1018318062	2384 2341 82
0.1017483496	14 623 252 21
0.1013316829	7 1444 44 24
0.1007483496	2 743 2185 7
0.1004298172	7 218 61 18
0.1002126353	14 4503 58 38
0.1002126353	272 252 11 0
0.1002126353	37 6 456 216
0.1002126353	7 3119 44 24
0.1001796323	65 8099 66 53
0.1000756638	38 63 61 14
0.1000756638	24 218 61 18
0.0996039397	7 465 44 24
0.0994923305	24 6 12 33
0.0990206063	18 1463 44 24
0.0970973696	21 18 219 14 58 38 1059 4
0.0970973696	14 58 4 26 7
0.0970973696	14 27 4 6 24
0.0970973696	4 26 37 27 4
0.0970973696	14 140 4 26 142
0.0970973696	37 27 4 6 38
0.0970973696	14 996 4 6 7
0.0970973696	14 178 4 26 142
0.0970973696	14 996 4 44 24
0.0970973696	14 95 4 26 37
0.0970973696	14 95 4 26 38
0.0970973696	14 95 4 26 319
0.0970973696	37 27 4 6 7
0.0970973696	38 883 4 26 7
0.0970973696	14 27 4 44 24
0.0970973696	18 668 14 178 4
0.0970973696	14 95 4 26 7
0.0970973696	38 1059 4 26 7
0.0970973696	14 491 4 26 38
0.0970973696	14 178 4 26 38
0.0905663383	53 234 43 211
0.0905663383	21 234 43 211
0.0905663383	479 237 1108
0.0905663383	237 274 1108
0.0905663383	133 981 1108
0.0905663383	18 798 526
0.0905663383	157 1886 37
0.0905663383	21 18 798 634
0.0905663383	133 1842 18
0.0905663383	42 1184 18
0.0905663383	20 237 1108
0.0905663383	0 1967 127
0.0905663383	0 778 127
0.0905663383	53 2208 137
0.0905663383	0 118 2
0.0905663383	741 53 630
0.0905663383	157 234 43 211
0.0905663383	1108 238 18 157
0.0905663383	231 764 21 18
0.0905663383	206 238 127
0.0905663383	14 1642 254
0.0905663383	206 349 127
0.0905663383	0 655 127
0.0905663383	33 278 400
0.0905663383	53 581 211
0.0905663383	21 2345 18
0.0905663383	0 680 18
0.0905663383	195 1000 133
0.0904184557	474 14 1167 4
0.0904184557	16 14 534 2038
0.0904184557	7 14 628 4
0.0904184557	2 3 4 2
0.0904184557	142 14 262 4
0.0904184557	7 14 674 4
0.0904184557	4 272 252 33
0.0904184557	18 246 880
0.0904184557	7 14 27 4 6 38
0.0904184557	4 14 623 252 21 18
0.0904184557	4 14 252 21 18
0.0904184557	4 231 252 21 18
0.0904184557	24 2 677 4
0.0904184557	37 14 5561 4
0.0904184557	474 2 365 4
0.0904184557	7 2 3021 4
0.0904184557	319 2 2088 4
0.0904184557	319 250 1531 18
0.0904184557	474 14 903 4
0.0904184557	142 14 1736 4
0.0904184557	7 14 332 4
0.0904184557	770 607 52 771
0.0904184557	14 764 4 272
0.0904184557	14 764 4 231
0.0904184557	630 1156 254
0.0904184557	157 1530 37
0.0904184557	82 5112 18
0.0897428088	0 206 1018 14
0.0895949263	319 250 431 18
0.0895949263	606 607 66 33
0.0885663383	254 5112 38
0.0883406349	21 778 18 157
0.0883406349	237 1108 1298 24
0.0883406349	237 1108 152 37
0.0881927524	606 607 66 34
0.0881496716	33 4832 18
0.0881496716	21 4442 319
0.0881496716	166 133 157
0.0875663383	237 3381 2
0.0875663383	319 1611 137
0.0875663383	237 133 1108
0.0875663383	741 42 630
0.0875663383	206 133 1108
0.0875663383	630 744 7
0.0875663383	18 338 634
0.0875663383	234 4590 18
0.0875663383	954 133 157
0.0875628572	21 133 1298 24
0.0875628572	237 1108 152 18
0.0874149746	319 787 319 14
0.0874149746	53 319 43 319
0.0874149746	18 157 3634 18
0.0870628572	7 272 252 0
0.0869149746	771 607 66 38
0.0864541615	1108 152 7 14
0.0863406349	33 131 24 132
0.0863062790	33 23 24 2
0.0859239683	157 319 43 319
0.0855628572	237 1108 152 7
0.0853406349	21 238 18 157
0.0849574948	33 131 7 2
0.0846461905	21 18 668 14
0.0845628572	319 787 319 7
0.0844541615	272 252 21 18
0.0842199812	21 1298 24 2
0.0840628572	21 18 338 14
0.0840628572	53 250 43 38
0.0840628572	53 2 432 38
0.0840374948	21 18 798 14
0.0840374948	21 18 219 14
0.0840374948	318 319 26 38
0.0839560343	7 44 24 6 34
0.0839560343	24 26 7 44 24
0.0834541615	157 43 7 14
0.0834541615	53 1298 24 2
0.0834541615	24 96 26 34
0.0834541615	18 157 43 7
0.0811445509	24 1114 1400
0.0804262653	14 619 4 26 7
0.0804262653	14 58 38 1059 4
0.0790821624	33 234 4590
0.0790821624	479 53 2447
0.0738952340	0 393 127
0.0737473514	4 272 252 53
0.0732823307	231 218 21
0.0729238220	607 11 771 607
0.0667830572	21 18 64 14
