0.9513122228	6 33 23 24 26
0.9300539813	1059 38 58 4 26
0.9300539813	61 2 72 4 44
0.9291343726	61 18 219 14 58
0.9289555800	61 14 764 4 14 623 252
0.9288843726	61 18 668 14 58
0.9279555800	920 11 771 607 66
0.9269555800	920 52 771 607 66
0.9082407062	252 21 18 64 14 58
0.9077045109	117 61 14 117 4 272 252
0.9075513357	26 37 14 943 4 6
0.9022822514	252 21 18 219 14 58
0.8937118991	66 7 14 27 4 6
0.8937118991	26 37 14 27 4 6
0.8937118991	152 37 14 27 4 6
0.8842018653	43 7 14 27 4 6
0.8842018653	152 7 14 27 4 6
0.8842018653	464 935 2 695
0.8842018653	52 606 607 66
0.8829610830	943 38 27 4 6
0.8829610830	27 4 248 18 466
0.8829610830	27 4 247 18 248
0.8829610830	1298 24 250 76 748
0.8829610830	6 142 3231 4 26
0.8824716438	11 318 319 26 11
0.8817325571	64 14 58 38 1059
0.8817325571	44 24 248 18 466
0.8502758427	764 4 272 252 21 18 668
0.8502758427	764 4 272 252 21 18 798
0.8502758427	764 4 272 252 21 18 219
0.8502758427	117 4 272 252 21 18 64
0.8337829277	682 683
0.8337829277	2444 2445
0.8337829277	1554 811
0.8313902120	587 588 451
0.8313902120	3483 1192
0.8313902120	3622 3036
0.8313902120	4435 4662
0.8313902120	3178 475
0.8313902120	4112 4113
0.8313902120	65 472 473 474 475 66 864
0.8313902120	3271 8570 340
0.8313902120	45 591 2377
0.8313902120	710 2909
0.8313902120	13276 785
0.8313902120	5789 5791
0.8313902120	975 976
0.8313902120	7959 1461
0.8313902120	379 1982
0.8313902120	4042 4278
0.8313902120	12963 2028
0.8313902120	1554 5666
0.8313902120	538 2058
0.8313902120	503 4125
0.8313902120	2067 69
0.8313902120	629 193 2730
0.8313902120	973 422 713
0.8313902120	3226 582
0.8313902120	769 684
0.8313902120	119 2421
0.8313902120	793 1374
0.8296093365	5789 5746
0.8284177742	61 14 764 4 14 623
0.8282285316	914 2647 340 2648
0.8282285316	12396 1734 383
0.8282285316	1539 1750
0.8282285316	3198 1332
0.8282285316	875 876
0.8282285316	6532 6607
0.8282285316	11490 11491
0.8282285316	45 929 4536 6
0.8282285316	7389 12168
0.8282285316	315 1145
0.8282285316	3550 6069
0.8282285316	1641 931
0.8282285316	2054 4494 38 2610
0.8282285316	3157 1099 3659
0.8282285316	914 12378 2648
0.8280915316	11 278 11 277 11
0.8272285316	286 843 5155
0.8272285316	1213 7834 3865
0.8272285316	1067 383
0.8272285316	4923 268 73
0.8272285316	193 2730
0.8272285316	299 1146
0.8269127390	340 2648 915 65 6 66
0.8262935440	422 713
0.8262935440	1539 2445
0.8262935440	401 423
0.8262935440	931 3727
0.8262935440	2858 1986
0.8262935440	6377 805
0.8259127390	1325 920 11 771 607 66
0.8259127390	311 65 771 842 66
0.8259127390	9523 6988 65 6 66
0.8249127390	8000 8001
0.8249127390	914 2647 340 2648 915 65 6 66
0.8249127390	27 4 6 65 6 66
0.8249127390	2641 4 6 65 6 66
0.8249127390	914 12963 2028 6
0.8249127390	4189 1738 4 1739
0.8249127390	12378 2648 915
0.8249127390	587 588 3163
0.8249127390	409 1641 931
0.8249127390	1787 872 1163
0.8249127390	5023 5024
0.8249127390	5157 5453
0.8249127390	11506 4113
0.8249127390	2928 8256
0.8249127390	5545 7534
0.8249127390	1522 1306
0.8249127390	4435 4952
0.8249127390	6995 5645
0.8249127390	1951 747
0.8249127390	587 588
0.8249127390	1130 296
0.8249127390	2376 2380
0.8249127390	1214 749
0.8249127390	938 2245
0.8249127390	6499 2045
0.8249127390	1227 14362
0.8249127390	1641 870
0.8249127390	4344 6338
0.8249127390	914 2647 340 2648 915
0.8249127390	61 5180 4641 5181
0.8249127390	807 808 607 920
0.8249127390	5023 4952
0.8249127390	11509 10785
0.8249127390	1429 7033
0.8249127390	2209 87
0.8249127390	4736 4667
0.8249127390	2095 9133
0.8249127390	1854 4129
0.8249127390	1854 695
0.8249127390	2095 4853
0.8249127390	1213 7834
0.8249127390	625 203
0.8249127390	2081 5604
0.8249127390	13339 2006
0.8249127390	941 922
0.8249127390	2108 625
0.8249127390	8880 3352
0.8249127390	777 7936
0.8249127390	2310 2380
0.8244133207	764 4 272 252 21 18 64
0.8239127390	885 1410
0.8239127390	807 808 607 246
0.8239127390	591 2377
0.8239127390	2095 9826
0.8239127390	369 370
0.8239127390	931 2009
0.8239127390	793 185
0.8239127390	4305 5658
0.8239127390	4305 6530
0.8239127390	4811 1496
0.8239127390	8570 340 3865
0.8239127390	1585 1750
0.8239127390	951 952
0.8239127390	5388 10955
0.8239127390	538 4125
0.7866214659	44 24 247 18 248 249 6
0.7861227191	4378 2015 61
0.7861227191	1624 1625
0.7861227191	245 807 808 607 246
0.7861227191	45 737 1352 451
0.7861227191	4374 4999 4998 792
0.7861227191	3271 8570 340 3865
0.7861227191	4112 4113 403
0.7861227191	11895 749 65
0.7861227191	45 9523 6988
0.7861227191	401 423 15
0.7861227191	4553 4554 4346
0.7861227191	749 3244 792
0.7861227191	884 885
0.7861227191	11734 2595
0.7861227191	815 2721
0.7861227191	2594 2595
0.7861227191	3093 3094
0.7861227191	4923 1189
0.7861227191	9231 9232
0.7861227191	16370 16371
0.7861227191	482 3257 6 65 27963 66
0.7861227191	4407 2529 38 603 61
0.7861227191	1554 811 18 690
0.7861227191	5802 805 65
0.7861227191	4374 4999 4998
0.7861227191	4999 4998 792
0.7861227191	3104 287 538
0.7861227191	503 793 1374
0.7861227191	503 793 185
0.7861227191	816 1346 1379
0.7861227191	119 2421 4346
0.7861227191	3493 1162 1163
0.7861227191	3104 3105 571
0.7861227191	2928 8256 4232
0.7861227191	119 3673 4346
0.7861227191	4998 792 65
0.7861227191	1195 963
0.7858280316	311 65 606 607 66
0.7834793386	1706 1333
0.7824223330	920 1325 920 11 771 607 66
0.7824223330	629 17833 6 65 11924 66
0.7824223330	4566 26 65 11504 66
0.7824223330	1078 11 278 11 277
0.7824223330	457 11 278 11 277
0.7824223330	2316 6 65 7895 66
0.7824223330	278 11 277 11 458
0.7824223330	44 24 833 6 205
0.7820889997	7891 11 9147 11 7905
0.7820889997	72 990 6929
0.7820889997	66 4872 224 65 26 66 4872 224
0.7820889997	65 839 808 224 180 839 808 224
0.7820889997	2227 224 8 2227 224 1757 2227 224
0.7820889997	1640 340 2648 915 65 6 66
0.7820889997	808 1476 73 40 2227 224
0.7820889997	4923 268 269 65 2071 66
0.7820889997	1513 1514 1729 65 5179 66
0.7820889997	12378 2648 915 65 6 66
0.7820889997	66 4873 224 4744 2227 224
0.7820889997	603 61 2 72 4 44
0.7820889997	4756 4513 65 4755 66
0.7820889997	3014 1124 864 1297 866
0.7820889997	2227 224 1712 2227 224
0.7820889997	941 26 65 3565 66
0.7820889997	1900 463 2227 224
0.7820889997	629 11934 6988 65
0.7820889997	2045 34 86 6
0.7820889997	2227 224 4332 245
0.7820889997	65 920 1974 920
0.7820889997	1640 340 2648 915
0.7820889997	464 2831 2 695
0.7820889997	25048 11908 2006
0.7820889997	629 17833 6988
0.7820889997	73 5438 360
0.7820889997	17833 6988 65
0.7820889997	4096 312 1729
0.7820889997	938 939 486
0.7820889997	1900 4875 178
0.7820889997	2647 340 2648
0.7820889997	8000 8001 1981
0.7820889997	81 1056 1057
0.7820889997	2850 6489 187
0.7820889997	3166 4214 327
0.7820889997	914 2647 340
0.7820889997	3934 18234 7897
0.7820889997	5930 5951
0.7820889997	1050 1051
0.7820889997	9122 3769
0.7820889997	921 922
0.7820889997	181 2756
0.7820889997	7978 2928
0.7820889997	2310 2290
0.7820889997	4880 224 4881 224 4882 224 4883 224 4884 2612 224
0.7820889997	65 839 808 224 1325 839 808 224
0.7820889997	178 808 1476 585 95 2227 224
0.7820889997	2647 340 2648 915 65 6 66
0.7820889997	278 689 518 65 5072 66
0.7820889997	2062 268 269 65 2071 66
0.7820889997	1975 11 920 1297 18 66
0.7820889997	920 3014 1124 65 1297 66
0.7820889997	920 3014 1124 864 1297 866
0.7820889997	2227 224 6 808 1476 73
0.7820889997	1709 26 1710 65 24996 66
0.7820889997	4871 224 4872 224 65
0.7820889997	1900 4875 178 2227 224
0.7820889997	44 24 629 11934 6988
0.7820889997	44 24 23384 2745 2768
0.7820889997	52 771 842 66
0.7820889997	52 920 3014 1124
0.7820889997	4875 178 2227 224
0.7820889997	808 1476 73 40
0.7820889997	44 24 1114 1400
0.7820889997	4042 4278 4276 805
0.7820889997	2647 340 2648 915
0.7820889997	1513 1514 1729
0.7820889997	2172 749 3244
0.7820889997	11915 11895 749
0.7820889997	1641 1223 863
0.7820889997	920 3014 1124
0.7820889997	7803 11895 749
0.7820889997	65 1296 952
0.7820889997	5023 5024 1955
0.7820889997	224 2547 2548
0.7820889997	72 990 989
0.7820889997	920 1854 1662
0.7820889997	464 935 462
0.7820889997	2688 2690
0.7820889997	6068 21112
0.7820889997	879 839 808 224 4558
0.7820889997	879 522 839 808 224
0.7820889997	394 65 7934 66
0.7820889997	3350 1786 6 187
0.7820889997	629 5646 4 6
0.7820889997	1383 11 1403 11
0.7820889997	72 988 989
0.7820889997	14590 12716
0.7820273335	219 14 58 4 26
0.7819491280	4288 4276 805
0.7817907541	355 6 65 8187 66
0.7817892664	65 606 607 11 920 66 11
0.7817082182	44 24 247 18 248 6
0.7815995605	6 24388 65 26 66
0.7815877466	65 771 807 66
0.7808604738	65 606 607 11 920 66
0.7808604738	1020 65 1987 66 26
0.7808604738	44 24 629 11934 6 65 11924 66
0.7808604738	6 943 7 44 24 2745 2768
0.7808604738	65 26 66 4872 224
0.7808480899	467 6 451 65 6 66
0.7808480899	7891 11 9147 11 26
0.7808480899	11 920 1297 18 66
0.7805995605	6988 65 6 66 11
0.7802745605	65 65 770 66 66
0.7802700774	66 53 420 152
0.7795683230	689 518 65 5072 66
0.7795683230	508 38 73 766
0.7795683230	1283 33 580 1279
0.7795683230	5298 1496 5773
0.7795683230	1181 2107 952
0.7795683230	6 2199 12996
0.7795683230	2199 749 1648
0.7795683230	7270 9232
0.7795683230	277 11 458 459
0.7795683230	10146 187 65
0.7795683230	4923 268 269
0.7795683230	7349 4554 4346
0.7795683230	45 2105 451
0.7795683230	3035 591 2377
0.7795683230	749 3244 403
0.7765635686	44 24 247 18 248 249
0.7765635686	2376 2290
0.7765635686	4923 268
0.7765635686	1099 3659
0.7751400524	6 44 23 24 26
0.7633153675	57 4 14 178
0.7633153675	57 4 14 58
0.7633153675	117 4 272 252
0.7633153675	764 4 14 252
0.7633153675	232 4 272 252
0.7633153675	388 18 474 387
0.7633153675	58 4 14 491
0.7633153675	26 7 14 27 4 6
0.7627042564	52 771 607 66
0.7627042564	1298 24 250 76
0.7509204516	60 61 26 53 2
0.7493854976	252 21 18 520
0.7484280681	189 157 250 43
0.7475842925	238 18 157 43
0.7456042751	66 33 1554 811 18
0.7438659613	65 606 607 11
0.7438659613	11 606 607 66
0.7430238560	252 21 18 219
0.7422531292	61 18 64 14 58 38 1059
0.7394092319	65 771 607 11
0.7394092319	11 771 607 66
0.7368980814	1191 34 7 491
0.7344857652	66 237 1108 152
0.7330305917	764 4 272 252 21 18 338
0.7330305917	218 4 272 252 21 18 219
0.7330305917	117 4 272 252 21 18 219
0.7317398293	2745 2768
0.7302191526	2062 268 269
0.7281348862	26 237 1108 152
0.7261028571	66 53 2 482
0.7259993269	61 18 219 14 58 38 1059
0.7256542634	252 21 519 276
0.7214224647	6 7 14 3119
0.7214224647	61 7 2 278
0.7213600979	388 18 26 65 26 66 11
0.7213600979	60 61 26 65 26 66
0.7202712273	26 53 2 432
0.7192712273	6 53 2 482
0.7181891743	420 152 7 14 27 4
0.7181891743	379 152 37 14 27 4
0.7181891743	938 313
0.7171891743	1136 206 238 127
0.7169985000	26 53 250 43
0.7138214779	11 318 319 26
0.7113286063	58 38 1059 4 26 7
0.7113286063	7153 312
0.7108101245	218 61 18 219 14 58 38 1059 4
0.7103286063	938 939
0.7094027794	66 11 26 65 26 66 11
0.7081037059	61 7 272 252
0.7061742226	26 37 14 943
0.7060196909	892 863
0.7060196909	3527 389
0.7060196909	914 12378 2648 915
0.7060196909	1176 1179
0.7060196909	7349 4554
0.7060196909	712 713
0.7060196909	4189 1738
0.7060196909	2547 2548
0.7060196909	3014 1124
0.7060196909	6791 1152
0.7060196909	785 664
0.7060196909	927 6917
0.7060196909	357 782
0.7060196909	4374 4999
0.7060196909	4998 403
0.7060196909	4999 4998
0.7060196909	1514 1729
0.7060196909	1181 2107
0.7060196909	3934 18234
0.7060196909	683 684
0.7060196909	2687 1358
0.7060196909	1485 1278
0.7060196909	17507 365
0.7060196909	3271 8570
0.7060196909	1130 141
0.7060196909	423 15
0.7060196909	422 752
0.7060196909	420 1982
0.7060196909	2780 1358
0.7060196909	3671 1513
0.7060196909	3390 713
0.7060196909	512 781
0.7060196909	4863 3953
0.7060196909	5694 538
0.7060196909	8041 755
0.7060196909	1496 1364
0.7060196909	1277 1278
0.7060196909	1162 1163
0.7060196909	1357 1358
0.7060196909	5298 1496
0.7060196909	1078 964
0.7060196909	503 486
0.7060196909	1670 417
0.7060196909	538 1374
0.7060196909	1151 1152
0.7060196909	5123 664
0.7060196909	11895 749
0.7060196909	3 1361
0.7060196909	3166 4214
0.7060196909	3105 571
0.7060196909	56 3021
0.7060196909	25048 11908
0.7060196909	977 87
0.7060196909	3025 5310
0.7060196909	878 6499
0.7060196909	4553 4554
0.7060196909	2615 693
0.7060196909	3020 1299
0.7060196909	7803 11895
0.7060196909	965 1895
0.7060196909	961 4711
0.7060196909	2199 749
0.7060196909	4214 327
0.7060196909	1496 1346
0.7060196909	2850 6489
0.7060196909	3697 2101
0.7060196909	534 370
0.7060196909	503 793
0.7060196909	2105 451
0.7060196909	4909 664
0.7060196909	4344 184
0.7060196909	1 1584
0.7060196909	1601 4818
0.7034576082	6 33 1554 811 18
0.7033215967	6 943 7 44 24
0.7031242748	218 61 18 798 634
0.7027896237	24388 65 26 66 11
0.7010768690	7270 2161
0.7010768690	3180 2862
0.7010768690	876 403
0.7010768690	877 3678
0.7010768690	4554 4346
0.7010768690	1024 1602
0.7010768690	4477 4056
0.7010768690	8570 340
0.7010768690	2996 540
0.7010768690	5530 168
0.7010768690	2172 9891
0.7010768690	215 2732
0.7006960640	218 61 18 219 14 58
0.6990622388	218 61 18 668 14
0.6990622388	63 61 18 219 14
0.6986960640	27623 124
0.6986960640	58 38 1059 4 26 65
0.6986960640	284 66 4872 224 65
0.6986960640	1974 839 808 224
0.6986960640	4042 4278 4276
0.6986960640	15443 2745 2768
0.6986960640	4675 2032
0.6986960640	5023 4662
0.6986960640	1876 9811
0.6986960640	7926 3472
0.6986960640	2745 9122
0.6986960640	5802 805
0.6986960640	7920 540
0.6986960640	7926 2874
0.6986960640	16868 5558
0.6986960640	953 1955
0.6986960640	886 844
0.6986960640	2261 102
0.6986960640	2368 1544
0.6986960640	2368 388
0.6986960640	16720 2551
0.6986960640	482 3257
0.6986960640	8006 269
0.6986960640	4378 2015
0.6986960640	17104 4482
0.6986960640	5995 1986
0.6986960640	9523 6988
0.6986960640	2446 2023
0.6986960640	1513 1514
0.6986960640	1854 1662
0.6986960640	681 7864
0.6986960640	5438 360
0.6986960640	1019 2888
0.6986960640	749 3244
0.6986960640	3157 1099
0.6986960640	215 4393
0.6986960640	979 1140
0.6986960640	72 684
0.6986960640	1214 2006
0.6986960640	7955 2858
0.6986960640	876 792
0.6986960640	3949 441
0.6986960640	12396 1734
0.6986960640	3472 657
0.6986960640	14254 3659
0.6986960640	12283 451
0.6986960640	2661 350
0.6986960640	3678 2117
0.6986960640	11251 102
0.6986960640	5179 15
0.6986960640	4639 4513
0.6986960640	512 513
0.6986960640	81 1056
0.6986960640	281 502
0.6986960640	625 1695
0.6986960640	5499 843
0.6986960640	1099 1557
0.6986960640	1279 2030
0.6986960640	119 3673
0.6986960640	3035 591
0.6986960640	1167 3918
0.6986960640	1267 2139
0.6986960640	845 1099
0.6986960640	2293 13693
0.6986960640	15678 124
0.6986960640	9815 3659
0.6986960640	11908 2006
0.6986960640	2062 268
0.6986960640	990 6929
0.6986960640	1109 281
0.6986960640	4238 805
0.6986960640	990 989
0.6986960640	12378 2648
0.6986960640	538 486
0.6986960640	2917 90
0.6986960640	1455 358
0.6986960640	4288 4276
0.6986960640	4503 4056
0.6986960640	4818 441
0.6986960640	25 942
0.6986960640	3576 5558
0.6986960640	18368 538
0.6986960640	3 3003
0.6986960640	10146 187
0.6986960640	15443 2745
0.6986960640	2998 2648
0.6986960640	1520 3725
0.6986960640	1520 200
0.6986960640	7942 1783
0.6986960640	8001 1981
0.6986960640	737 5157
0.6986960640	454 5561
0.6986960640	988 989
0.6986960640	970 971
0.6986960640	872 1163
0.6986960640	1213 1215
0.6986960640	749 3544
0.6986960640	422 4543
0.6986960640	11531 102
0.6986960640	3472 2874
0.6986960640	69 144
0.6986960640	3244 792
0.6986960640	1835 1955
0.6986960640	281 1386
0.6986960640	7834 3865
0.6986960640	4477 4547
0.6986960640	1601 1293
0.6986960640	3350 1786
0.6986960640	8869 915
0.6986960640	1900 463
0.6986960640	340 2984
0.6986960640	13893 102
0.6986960640	2558 915
0.6986960640	1641 1223
0.6986960640	3711 1726
0.6986960640	4503 4649
0.6986960640	4429 540
0.6978885657	170 61 7 44 24
0.6978885657	60 61 6 53 2
0.6967635657	218 61 18 252 14
0.6964210905	61 272 252 2631 18
0.6963723892	218 61 18 798 14
0.6963723892	920 38 920 11 1187
0.6963377572	63 61 14 764 4
0.6957583274	58 4 26 7 14 27 4
0.6956938178	117 61 18 219 14
0.6956938178	63 61 18 668 14
0.6956938178	218 61 18 219 14
0.6956938178	63 61 18 64 14
0.6949636301	252 21 18 798 634
0.6927537380	252 21 2757 18
0.6920942348	252 21 18 798 14
0.6914204047	580 234 43 211
0.6901008137	6 33 23 24 2
0.6896669902	152 37 14 27 4 6 38
0.6887258137	65 606 607 66 34
0.6863237366	252 21 2345 18
0.6846338870	61 18 64 14 178 4
0.6846338870	61 18 64 14 58 4
0.6846338870	420 152 37 14 27 4
0.6846338870	943 4 6 7 44 24
0.6846338870	218 61 14 764 4 272
0.6846338870	1544 18 474 387 7891 38
0.6846338870	27 4 6 7 44 24
0.6846338870	1 2 3 4
0.6839899476	61 272 252 21 2757 18
0.6832886489	2631 18 219 14
0.6829553156	510 14 2728 127
0.6683192277	7 44 24 45 6
0.6664479014	519 276
0.6642836418	603 61 272 21 2
0.6611088174	1357 1680
0.6611088174	1017 1814
0.6611088174	286 843
0.6601170419	33 1554 811 18 690
0.6596309413	764 4 14 623 252 21 18
0.6586531264	65 606 607 66
0.6567243969	1191 34 7 491 24
0.6566897649	218 4 272 252 21 18 219 14
0.6566897649	26 53 29 4 14
0.6566897649	764 4 272 252 21 18 338 14
0.6566897649	117 4 272 252 21 18 219 14
0.6566897649	61 14 764 4 272 252 21 18
0.6566897649	61 14 764 4 14
0.6566897649	40 37 14 27 4
0.6566897649	57 4 14 178 4
0.6566897649	61 14 218 4 272 252 21 18
0.6566897649	764 4 272 252 21 18 64 14
0.6560458255	252 21 18 338 14
0.6559743969	1191 38 7 491 24
0.6559080106	7 14 846 311 65
0.6541930474	8 2227 224 1757 2227 224
0.6541930474	23384 2745 2768
0.6541930474	1731 1732
0.6541930474	3104 287
0.6541930474	81 3248
0.6541930474	5673 805
0.6541930474	1900 4875
0.6541930474	1346 1379
0.6541930474	1296 952
0.6512776122	65 771 607 66
0.6512776122	1191 38 7 491
0.6511923748	252 21 18 338
0.6511923748	252 21 18 668
0.6502074024	7 44 24 23384 2745
0.6502074024	4 629 38 45 6
0.6495685694	27 4 6 7 44
0.6495685694	27 4 6 24 26
0.6495685694	26 37 27 4 6
0.6495685694	1544 18 474 387 7891
0.6495685694	943 4 6 38 81
0.6471200872	26 37 6 943 7
0.6438346582	252 21 18 64
0.6429885867	603 61 2 72 4
0.6418477117	117 4 272 252 21 18
0.6418477117	764 4 272 252 21 18
0.6418477117	218 4 272 252 21 18
0.6387624252	26 65 26 66 237 1108
0.6327543941	6 65 7895 66 53
0.6322043941	58 11 1059 11 38
0.6321119190	65 920 1325 920 11 771
0.6318132177	26 65 8099 66 53
0.6317785856	943 4 898 6 65 913 66 216
0.6317785856	65 4497 11 920 1297 18
0.6317785856	6 65 6 66 4 14
0.6317785856	66 4873 224 4744
0.6317785856	16868 5558 4
0.6317785856	920 3014 1124 65 1297 66 18
0.6317785856	1975 11 920 1297 18
0.6288497959	117 61 14 117 4 272
0.6282092815	61 26 65 26 66 53
0.6272092815	26 65 26 66 53 14
0.6259525495	40 37 14 27
0.6256733308	38 388 18 26 65
0.6233683756	1279 7 14 26 311
0.6227320866	7 44 24 878 6
0.6204371211	33 1554 5666 18 690
0.6184580020	237 1108 420 152
0.6184580020	2628 2937
0.6170308441	24 247 18 248 249
0.6162621137	37 6 943 7 44
0.6160537803	7 44 24 990 6
0.6152234827	14 27 4 878 6
0.6152234827	14 27 4 466 6
0.6152234827	216 72 988 34 990
0.6152234827	14 996 4 2054 6
0.6152234827	14 27 4 4504 6
0.6152234827	14 27 4 2295 6
0.6152234827	14 27 4 45 6
0.6150537803	7 44 24 833 6
0.6134063591	44 7 14 26 311
0.6129949568	37 6 943 7 3391
0.6127236869	14 58 38 1059 4 26
0.6127236869	37 14 27 4 6 11
0.6127236869	14 1059 38 58 4 26
0.6127236869	935 462
0.6123566331	2 743 2185 7 6
0.6068999229	24 247 18 248 249 6
0.6009056738	26 37 14 943 4
0.6003511522	2051 1172
0.6003511522	399 400
0.6003511522	4096 312
0.5950620708	4 26 7 14 27 4 6
0.5942146841	14 592 379 152
0.5942146841	33 278 18 690
0.5942146841	14 592 1801 152
0.5942146841	37 474 387 654
0.5921208943	607 11 771 607 66
0.5920399092	219 14 58 38 1059 4
0.5920399092	61 2 72 4 44 24
0.5920399092	668 14 58 38 1059 4
0.5920399092	5874 317
0.5920399092	64 14 1059 38 58 4
0.5920399092	3325 254
0.5920399092	17649 312
0.5920032472	21 18 64 14 58
0.5911208943	607 52 771 607 66
0.5909006341	790 571
0.5901118209	65 770 66 66 11
0.5900010457	7 14 27 4 45 6
0.5900010457	82 839 808 224 18 839 808 224
0.5900010457	7 14 27 4 6 11
0.5900010457	37 14 943 4 898 6
0.5900010457	7 14 27 4 6 61
0.5900010457	7 14 27 4 629 6
0.5898210555	237 1108 238 18 157 43
0.5885935810	1056 1057
0.5864803690	21 2757 18 219
0.5859791159	18 690 96 26
0.5809127711	26 65 26 66 53 2
0.5800922583	26 65 26 66 7 14
0.5800922583	26 65 26 66 11 2
0.5787175916	245 807 808 607
0.5781122080	787 1023
0.5772014034	14 2547 2548
0.5772014034	272 1455 358
0.5742246817	879 522 839 808
0.5742246817	1554 5666 18 690
0.5741839332	7 14 623 252 11
0.5733782931	61 14 764 4 272
0.5728180627	18 6 24388 65 26
0.5726134638	3195 3460
0.5726134638	1787 11501
0.5726134638	24610 2006
0.5719877650	839 808 224 1325 839 808 224
0.5719877650	14 27 4 6 65 6 66
0.5719877650	216 4736 4667
0.5717414308	58 38 1059 4 26
0.5715827685	2 278 11 277 11
0.5711047354	272 1 1584
0.5706415921	2 1078 11 278 11
0.5704865119	271 65 839 66 224 26
0.5699480511	741 33 630 743 1156
0.5699480511	1108 238 18 157 43
0.5699480511	741 21 630 743 744
0.5659631955	2199 12996
0.5659631955	843 5155
0.5659616855	37 14 27 4 2295
0.5659616855	14 232 4 272 252
0.5659616855	7 14 27 4 914
0.5659616855	14 117 4 272 252
0.5659616855	474 2 365 4 464
0.5538688900	272 252 21 2757
0.5535677807	26 66 4872 224
0.5535677807	6 943 7 2745 2768
0.5535677807	184 65 66 224
0.5535677807	65 271 66 224
0.5535677807	7891 11 11732 11
0.5532344474	754 773 4 26
0.5532344474	808 1476 585 95 2227 224
0.5532344474	4864 224 2547 2548 4865 224
0.5532344474	224 2492 224 53 224 65
0.5532344474	3863 224 4863 3953 4864 224
0.5532344474	8105 37 451 168 38 943
0.5532344474	119 2421 4346 65 4741 66
0.5532344474	1067 383 65 1068 66
0.5532344474	2227 224 8 2227 224
0.5532344474	518 65 5072 66
0.5532344474	2655 65 66 808
0.5532344474	920 65 920 1297
0.5532344474	7922 65 7935 66
0.5532344474	27 4 466 6
0.5532344474	5561 4 355 6
0.5532344474	4503 140 4 26
0.5532344474	4448 224 4862
0.5532344474	65 8743 66
0.5532344474	340 3865 65
0.5532344474	842 809 66
0.5532344474	464 2831 462
0.5532344474	180 839 808
0.5532344474	65 879 744
0.5532344474	2227 224 980
0.5532344474	52 771 842
0.5532344474	65 807 808
0.5532344474	458 11 277
0.5532344474	45 737 1352
0.5532344474	5759 3231 6
0.5532344474	61 5180 4641
0.5532344474	268 269 65
0.5532344474	45 1734 6
0.5532344474	1267 216 124
0.5532344474	66 53 224 65 2494 66 2495 224 2496 224 2497 224
0.5532344474	4871 224 4872 224 65 8102 284 66 4872 224 65
0.5532344474	4872 224 8132 65 7891 66 4872 224 8133 65
0.5532344474	4872 224 65 8102 284 66 4872 224 65
0.5532344474	2227 224 73 40 11 491 2227 224
0.5532344474	2494 66 2495 224 2496 224 2497 224
0.5532344474	66 53 224 65 2494 66 2495 224
0.5532344474	4871 224 4872 224 65 8102 284 66
0.5532344474	943 4 898 6 65 913 66
0.5532344474	2485 224 2486 224 2487 2488 224
0.5532344474	808 1476 73 8323 1900 168
0.5532344474	4880 224 4881 224 4882 224
0.5532344474	72 990 6929 65 6930 66
0.5532344474	12396 1734 383 65 6 66
0.5532344474	3863 224 4863 3953 3863 224
0.5532344474	3863 224 68 459 3863 224
0.5532344474	13 1514 187 65 6 66
0.5532344474	4883 224 4884 2612 224
0.5532344474	947 6 65 15650 66
0.5532344474	808 1476 1139 2227 224
0.5532344474	2745 2768 65 15444 66
0.5532344474	4448 224 4862 3863 224
0.5532344474	522 839 808 224 246
0.5532344474	66 4872 224 8133 65
0.5532344474	4873 224 4744 2227 224
0.5532344474	629 17833 6 65 11924
0.5532344474	65 4497 11 920 1297
0.5532344474	2227 224 1757 2227 224
0.5532344474	3934 6 65 735 66
0.5532344474	2227 224 8102 8314 1900
0.5532344474	2227 224 1495 2227 224
0.5532344474	1516 269 65 1390 66
0.5532344474	65 920 1325 920
0.5532344474	996 4 2054 6
0.5532344474	748 4 886 6
0.5532344474	2384 4 355 6
0.5532344474	73 152 18 1463
0.5532344474	996 4 45 6
0.5532344474	748 4 898 6
0.5532344474	499 365 4 26
0.5532344474	5561 4 26 388
0.5532344474	388 4 355 6
0.5532344474	66 4872 224 65
0.5532344474	2316 65 5923 66
0.5532344474	4871 224 4872 224
0.5532344474	920 1297 18 52
0.5532344474	864 140 4 26
0.5532344474	215 6 507 459
0.5532344474	1975 11 920 1297
0.5532344474	68 459 3863 224
0.5532344474	4880 224 4881 224
0.5532344474	3231 4 11982 26
0.5532344474	6 34 81 3248
0.5532344474	27 4 4504 6
0.5532344474	920 1297 607 66
0.5532344474	808 1476 766 1900
0.5532344474	1709 1367 4 26
0.5532344474	284 66 4872 224
0.5532344474	27 4 45 6
0.5532344474	1458 11 1383 11
0.5532344474	808 1476 585 95
0.5532344474	27 4 2295 6
0.5532344474	27 4 878 6
0.5532344474	943 4 898 6
0.5532344474	2316 6 65 7895
0.5532344474	4482 65 1236 66
0.5532344474	1729 65 5179 66
0.5532344474	27 4 947 6
0.5532344474	73 65 270 66
0.5532344474	4513 65 4755 66
0.5532344474	76 748 4 6
0.5532344474	2501 224 2502 224
0.5532344474	95 2227 224 6
0.5532344474	52 920 1297 11
0.5532344474	4276 805 65
0.5532344474	808 1476 73
0.5532344474	61 839 808
0.5532344474	144 4 4952
0.5532344474	1 2 3
0.5532344474	625 2768 65
0.5532344474	629 10727 6
0.5532344474	462 37 417
0.5532344474	920 1297 920
0.5532344474	178 2227 224
0.5532344474	629 10727 6988
0.5532344474	1640 340 2648
0.5532344474	134 4 553
0.5532344474	985 4 986
0.5532344474	2579 4 9811
0.5532344474	2831 462 11
0.5532344474	2831 462 66
0.5532344474	737 1352 451
0.5532344474	1278 2 695
0.5532344474	2831 462 65
0.5532344474	1020 4756 4513
0.5532344474	1114 1400 6
0.5532344474	4782 38 4231
0.5532344474	67 38 892
0.5532344474	268 73 65
0.5532344474	11 458 459
0.5532344474	1805 915 6
0.5532344474	2934 6 386
0.5532344474	994 11 1070
0.5532344474	6126 1352 6
0.5532344474	3245 180 26
0.5532344474	1167 18 1751
0.5532344474	4494 38 2610
0.5532344474	252 21 2757
0.5532344474	5629 11 6536
0.5532344474	2831 2 695
0.5532344474	7840 68 3626
0.5532344474	872 1411 65
0.5532344474	695 37 417
0.5532344474	1513 6 1729
0.5532344474	1140 38 8934
0.5532344474	3385 6 456
0.5532344474	224 3620 224
0.5532344474	2045 34 86
0.5532344474	44 24 15443
0.5532344474	535 25 3389
0.5532344474	7583 872 1411
0.5532344474	988 34 990
0.5532344474	833 6 205
0.5532344474	2227 224 8318
0.5532344474	4334 6 15
0.5532344474	40 2227 224
0.5532344474	2227 224 8102
0.5532344474	6 12168 1729
0.5532344474	2227 224 1757
0.5532344474	920 1974 920
0.5532344474	311 317 65
0.5532344474	864 1297 866
0.5532344474	629 17833 6
0.5532344474	4756 4513 65
0.5532344474	11 1083 252
0.5532344474	6 216 4736
0.5532344474	929 4536 6
0.5532344474	25 3389 65
0.5532344474	2341 82 44
0.5532344474	1675 25 3389
0.5532344474	522 839 808
0.5532344474	755 4 1346
0.5532344474	268 269 11
0.5532344474	2295 2290 6
0.5532344474	1185 11 1183
0.5532344474	65 735 66
0.5532344474	65 920 3014
0.5532344474	2384 4 2934
0.5532344474	355 6 2384
0.5532344474	1550 4 553
0.5532344474	864 920 866
0.5532344474	3195 11 986
0.5532344474	629 587 187
0.5532344474	1974 839 808
0.5532344474	245 2227 224
0.5532344474	11 920 3014
0.5532344474	1325 839 808
0.5532344474	2227 224 465 2227 224
0.5532344474	872 1411 65 6164 66
0.5532344474	1020 65 4684 66
0.5532344474	27 4 898 6
0.5532344474	944 898 6
0.5532344474	462 37 528
0.5532344474	689 518 65
0.5532344474	1954 38 2458
0.5532344474	463 2227 224
0.5532344474	1046 38 971
0.5532344474	2227 224 73
0.5532344474	252 3863 224
0.5532344474	13 1514 187
0.5532344474	355 6 3350
0.5515374138	607 11 920 1297 607
0.5488712213	66 7 14 26 311
0.5477232378	44 24 2745 2768 65 3391 66
0.5477232378	943 7 44 24 2745 2768
0.5477232378	1020 26 65 12288 66
0.5477232378	117 61 18 64
0.5477232378	11 277 11 458
0.5477232378	65 311 317 66
0.5477232378	44 24 629 11934
0.5477232378	457 11 277 11
0.5477232378	629 11934 6988 65 6 66
0.5477232378	278 11 277 252
0.5477232378	7891 11 9147 11
0.5477232378	7891 65 2038 66
0.5477232378	277 11 458 11
0.5455416589	629 10727 6 65 385 66
0.5455416589	394 11 7891 11
0.5432404255	65 472 473 474 475 66
0.5432404255	4042 4278 4276 805 65 6 66
0.5432404255	1551 38 603 61
0.5432404255	218 61 18 520
0.5432404255	379 152 18 1463
0.5432404255	420 152 18 1463
0.5432404255	252 2631 18 64
0.5432404255	1245 994 170 61
0.5432404255	65 12288 66
0.5432404255	6226 872 1411
0.5432404255	2447 127 26
0.5432404255	68 459 937
0.5432404255	11 4138 252
0.5432404255	228 82 6
0.5432404255	278 68 459
0.5432404255	247 34 248
0.5432404255	1176 232 61
0.5432404255	798 634 26
0.5432404255	61 231 232
0.5432404255	1179 1113 61
0.5432404255	44 12 1847
0.5432404255	7252 7253 61
0.5432404255	189 157 152
0.5432404255	61 29 30
0.5432404255	278 689 518
0.5432404255	2631 18 798
0.5432404255	245 18 246
0.5432404255	2631 18 338
0.5432404255	1136 206 238
0.5432404255	1383 11 1403
0.5432404255	508 38 73
0.5432404255	44 245 246
0.5432404255	12 298 1006
0.5432404255	65 7934 66
0.5432404255	248 34 466
0.5432404255	355 6 7930
0.5432404255	2757 18 798
0.5432404255	45 1019 2377
0.5432404255	1060 18 219
0.5432404255	278 18 690
0.5432404255	811 18 690
0.5432404255	6 34 5673
0.5432404255	10900 10901
0.5430803646	11 920 1297 61
0.5430803646	11 278 11 458
0.5430803646	7891 65 2038 66 491 37 654 65
0.5430803646	3025 6 65 3550 66
0.5430803646	898 6 65 913 66
0.5430803646	278 11 458 11
0.5430803646	465 44 24 629
0.5430803646	1544 18 7891 11
0.5430803646	920 26 24 255
0.5430803646	26 65 6812 66
0.5429185864	269 65 2071 66
0.5416718849	1710 65 24996 66
0.5416718849	1378 38 1299
0.5416718849	189 157 43
0.5416718849	45 6348 6
0.5416718849	1001 689 518
0.5416718849	4741 6 1283
0.5416718849	72 1641 1005
0.5416718849	1120 2054 90
0.5412667057	26 540 390
0.5412667057	63 61 18 798
0.5412667057	66 33 1554
0.5409984000	629 11934 6988
0.5409333724	189 157 1530
0.5409333724	65 879 522
0.5409333724	508 38 73 766 65 2263 66
0.5409333724	540 390 355 6
0.5409333724	277 11 458 252
0.5409333724	754 26 773
0.5409333724	6 474 2901
0.5409333724	3634 18 846
0.5409333724	742 743 744
0.5409333724	5666 18 690
0.5409333724	1642 254 26
0.5409333724	278 689 459
0.5409333724	1786 6 187
0.5409333724	675 38 3949
0.5409333724	6160 872 1411
0.5409333724	2631 18 219
0.5409333724	1615 2 743
0.5409333724	252 2529 61
0.5409333724	467 6 451
0.5409333724	11 4978 311
0.5409333724	2047 1732 451
0.5409333724	499 25 365
0.5409333724	12 33 622
0.5409333724	2757 18 219
0.5409333724	8105 37 451 168
0.5409333724	986 38 3245
0.5406115333	117 61 18 798
0.5377292159	63 61 18 64
0.5377292159	2529 38 603 61
0.5375961523	26 65 3565 66
0.5375961523	920 1297 18 66
0.5375961523	11 7905 11 38 7922
0.5375961523	6 943 7 3391
0.5375961523	2629 65 6 66
0.5375961523	65 2655 65 66
0.5375961523	11 771 842 66
0.5375961523	65 920 1297 66
0.5375961523	65 920 1297 11
0.5375961523	920 1297 18 11
0.5375961523	26 65 15367 66
0.5375961523	920 1297 11 66
0.5375961523	65 464 462 66
0.5375961523	26 65 1385 66
0.5375961523	65 839 66 224
0.5375961523	65 864 866 66
0.5375961523	65 771 842 66
0.5375961523	629 11934 6 65
0.5367540470	11 277 11 278
0.5367540470	26 65 7902 66
0.5367540470	26 65 11504 66
0.5367540470	65 7986 66 11
0.5367540470	277 11 278 11
0.5367540470	278 11 277 11
0.5367540470	11 920 1297 11
0.5367540470	743 2185 7 6
0.5365021417	580 234 43
0.5365021417	510 14 2728
0.5365021417	248 249 6
0.5361606753	117 61 18 219
0.5361606753	63 61 14 764
0.5355476370	117 61 14 764
0.5354221628	63 61 272 252
0.5331518069	2648 915 65 6 66
0.5331518069	26 65 7935 66
0.5331518069	26 65 932 66
0.5331518069	252 131 14 58
0.5331518069	44 12 1006 26
0.5331518069	388 7 355 6
0.5331518069	26 2655 65 66
0.5331518069	218 61 14 218
0.5331394230	26 65 9464 66
0.5331394230	44 24 3934 6
0.5331394230	26 65 8099 66
0.5331394230	61 65 1984 66
0.5331394230	26 65 7986 66
0.5330863427	170 61 272 252
0.5330863427	68 58 38 1059
0.5330863427	165 61 272 252
0.5305636654	2551 65 6 66
0.5305636654	131 24 846 11
0.5300716868	26 65 11933 66
0.5300716868	44 24 9123 6
0.5300716868	44 24 286 843 65 6 66
0.5300716868	6 7 44 24 2745 2768
0.5300716868	26 65 1382 66
0.5300716868	65 5923 66 6
0.5300716868	65 7892 66 11
0.5300716868	66 11 9147 65
0.5298577831	7891 11 26 11 7922
0.5298577831	7891 11 26 11 7905
0.5298577831	6 65 7895 66
0.5298577831	65 770 66 66
0.5298577831	1298 24 26 388
0.5293216868	65 770 66 11
0.5277989595	44 24 833 6
0.5277989595	65 669 66 11
0.5277989595	6 65 11924 66
0.5277989595	66 11 394 65
0.5277989595	24388 65 26 66
0.5276906853	393 127 26
0.5276617568	66 7 44 24 6
0.5276021304	218 61 272 252
0.5270342536	2006 65 26 66
0.5270342536	44 24 990 6
0.5270342536	61 2 218 61
0.5270342536	26 65 770 66
0.5270342536	44 24 914 6
0.5270342536	44 24 3025 6
0.5270342536	6988 65 6 66
0.5270342536	66 38 7922 65
0.5270342536	44 24 947 6
0.5270342536	26 11 2919 11
0.5270342536	843 65 6 66
0.5270342536	26 65 669 66
0.5270342536	44 24 249 6
0.5268412440	26 7 44 24 6
0.5267600251	60 38 117 61
0.5261056822	61 2 60 61
0.5261056822	920 11 920 11 38 920
0.5261056822	11 920 38 920
0.5261056822	920 38 920 11
0.5261056822	11 9147 11 26
0.5261056822	2377 65 6 66
0.5261056822	44 24 1114 6
0.5261056822	26 65 409 66
0.5261056822	11 1187 66 11
0.5261056822	44 24 1352 6
0.5252950773	60 61 272 252
0.5252950773	218 61 18 64
0.5252950773	60 38 63 61
0.5244529720	248 18 466 6
0.5244529720	6 65 8187 66
0.5244529720	44 24 1025 6
0.5231454010	6 52 705 11
0.5231454010	61 14 623 252
0.5218729844	7 44 24 990 6 65
0.5215768604	44 24 1154 6
0.5214283918	272 252 21 18 219
0.5208507319	26 65 13018 66
0.5208507319	218 61 18 64 14 58
0.5208383480	603 38 232 61
0.5206936391	6 7 44 961
0.5206936391	26 11 7905 11
0.5206936391	61 2 278 11
0.5206936391	44 24 1544 6
0.5206936391	44 38 603 61
0.5206936391	65 311 2 66
0.5194679897	11 26 38 7905
0.5194679897	44 24 878 6
0.5190011029	43 7 1291 6
0.5190011029	152 18 1463 6
0.5185397442	18 219 14 58 4 26
0.5170402317	65 1987 66 26
0.5170402317	465 44 24 6
0.5166072012	7891 65 7892 66 38 26 65 26 66
0.5166072012	44 24 466 6
0.5166072012	6 142 26 3231
0.5164051983	65 5923 66 6 65 6 66
0.5164051983	990 6 65 6 66
0.5164051983	26 1367 37 6
0.5164051983	26 37 6 456
0.5164051983	2054 6 7 44
0.5164051983	66 37 6 168
0.5164051983	26 142 2054 6
0.5164051983	44 23 24 26
0.5164051983	44 24 629 6
0.5156332092	939 4125
0.5147331786	629 38 45 6
0.5135785632	2 499 25 365 4
0.5121678428	805 65 6 66 11
0.5121678428	44 24 45 6
0.5105691036	839 808 224 3126
0.5105691036	839 808 224 3550
0.5105691036	839 808 224 4558
0.5105691036	839 808 224 809
0.5091693900	33 278 18 690 96
0.5091584391	271 65 839 66 224
0.5090527403	939 486
0.5041133280	771 607 66 11 38
0.5041041233	60 61 26 65
0.5029474294	24 6 33 23 24
0.5029369516	14 764 4 14 252
0.5028886059	14 58 38 1059 4 26 7
0.4990393116	37 6 943 7 44 24
0.4968748399	15423 939
0.4957364153	231 232 655 127
0.4957364153	438 1132 655 127
0.4957364153	250 1292 619 7
0.4957364153	438 232 655 127
0.4957364153	438 1474 655 127
0.4957364153	33 1554 811 18 690 96
0.4950697486	272 252 2631 18
0.4950697486	272 252 848 18
0.4943549525	7232 340
0.4943549525	548 15651
0.4943549525	3305 102
0.4943549525	9813 1417
0.4943549525	535 13222
0.4943549525	25481 2006
0.4932024037	1108 152 7 14 27 4
0.4909412669	4 26 7 14 996 4
0.4909412669	53 152 7 14 27 4
0.4909412669	37 14 27 4 6 38
0.4909412669	37 14 27 4 6 7
0.4897983187	2 2940 1417 4
0.4897983187	2 1673 1358 4
0.4897741272	7 14 623 252 11 0
0.4893690198	535 3042
0.4893690198	914 2647
0.4881197473	21 22 23 24
0.4878044770	11934 6988
0.4878044770	17833 6988
0.4878044770	4998 792
0.4877981559	668 14 140 4
0.4877981559	883 4 26 38
0.4877981559	219 14 265 4
0.4877981559	1 14 3 4
0.4877981559	26 37 943 4
0.4877981559	460 14 140 4
0.4877981559	668 14 178 4
0.4877981559	26 53 29 4
0.4877981559	946 14 140 4
0.4877981559	73 4 1798 37
0.4877981559	219 14 140 4
0.4877981559	943 38 27 4
0.4877981559	265 38 1059 4
0.4877981559	2136 14 67 4
0.4877981559	668 14 58 4
0.4877981559	1018 14 178 4
0.4877981559	6 16 3231 4
0.4877981559	27 4 1047 24
0.4877981559	338 14 178 4
0.4877981559	148 14 140 4
0.4877981559	131 14 58 4
0.4877981559	64 14 178 4
0.4877981559	6 142 3231 4
0.4877981559	1140 4 26 7
0.4877981559	338 14 140 4
0.4877981559	61 2 57 4
0.4877981559	2136 14 748 4
0.4877981559	64 14 58 4
0.4877981559	1307 14 748 4
0.4877981559	219 14 178 4
0.4877981559	798 14 140 4
0.4877981559	460 14 178 4
0.4877981559	131 14 178 4
0.4877981559	520 14 178 4
0.4877981559	27 4 247 18
0.4877981559	152 37 27 4
0.4877981559	58 38 1482 4
0.4877981559	27 4 1798 37
0.4877981559	1059 38 883 4
0.4877981559	61 14 764 4
0.4877981559	64 14 265 4
0.4877981559	920 52 771 607
0.4871870448	311 65 771 607
0.4870312484	8382 102
0.4865318724	1047 38 2074 24
0.4862927360	1442 102
0.4862927360	2647 340
0.4837606305	920 11 771 607
0.4837606305	269 11 318 319
0.4818472605	61 18 798 634
0.4818472605	2757 18 64 14
0.4806818186	7891 65 7892 66
0.4803484853	247 18 248 249 6
0.4803484853	2745 2768 65 3391 66
0.4803484853	1283 33 580
0.4803484853	929 930 931
0.4803484853	9147 11 7905
0.4803484853	66 4873 224
0.4803484853	1757 2227 224
0.4803484853	8102 8314 1900
0.4803484853	2858 287 459
0.4803484853	4863 3953 4864 224
0.4803484853	4863 3953 3863 224
0.4803484853	1738 4 1739
0.4803484853	2858 287 252
0.4773296261	66 65 606 607
0.4768032039	1020 26 65 26 66
0.4757841715	580 1279 7 14
0.4748372757	629 11934 6 65 11924 66
0.4748372757	1020 65 1987 66
0.4745044144	18 219 14 58 38
0.4744095520	252 21 608 18
0.4744095520	26 1753 18 157
0.4744095520	61 0 1060 2
0.4744095520	11 0 2631 18
0.4731260937	63 61 18 668
0.4728170639	388 18 26 65 26 66
0.4727927604	252 21 2345
0.4727927604	189 157 1886
0.4726232861	61 272 252 21
0.4726232861	311 131 24 14
0.4724093824	11 0 946 14
0.4718732861	252 18 219 14
0.4717001349	18 219 14 58 38 1059 4
0.4710474103	247 18 248
0.4703505588	66 33 23 24
0.4703505588	152 7 491 24
0.4703505588	58 38 1059 7
0.4703505588	66 11 20 53
0.4703505588	65 770 66 38
0.4703505588	66 33 278 18
0.4703505588	61 18 338 14
0.4703505588	61 26 237 1108
0.4703505588	44 33 23 24
0.4701944025	457 11 278 11
0.4694645331	252 21 1060 18
0.4694219874	11 0 131 14
0.4694219874	11 7 1206 18
0.4694219874	11 33 23 24
0.4688165159	26 65 26 66 224
0.4687935905	7 44 24 247 18
0.4687589585	18 798 14 140 4
0.4687589585	14 943 38 27 4
0.4687589585	18 668 14 178 4
0.4687589585	18 219 14 178 4
0.4687589585	0 460 14 140 4
0.4687589585	18 64 14 178 4
0.4687589585	18 338 14 140 4
0.4687589585	18 338 14 178 4
0.4687589585	0 131 14 178 4
0.4687589585	0 460 14 178 4
0.4687589585	2 72 4 44 24
0.4687589585	14 58 38 1482 4
0.4687589585	18 668 14 140 4
0.4687589585	14 27 4 1047 24
0.4687589585	14 67 38 892 4
0.4687589585	18 668 14 58 4
0.4687589585	0 1 2 3 4
0.4687589585	18 219 14 58 4
0.4687589585	18 219 14 140 4
0.4687589585	18 520 14 178 4
0.4687589585	14 27 4 1798 37
0.4684793574	6 451 65 6 66
0.4677935905	18 798 14 58 38
0.4677935905	18 219 14 1059 38
0.4677935905	7 272 252 11 0
0.4677935905	18 668 14 58 38
0.4677754805	11 0 460 14
0.4677754805	61 18 520 14
0.4674137204	272 252 21 2757 18
0.4671150191	7 260 18 219 14
0.4671150191	33 580 1279 7 14
0.4670803870	18 510 14 2728 127
0.4670803870	474 387 319 43 319
0.4670695981	170 61 7 272
0.4662747132	218 61 18 338
0.4655362007	63 61 18 219
0.4654993685	420 152 7 14
0.4654993685	12 33 23 24
0.4654993685	52 705 11 14
0.4650107746	219 14 58 38
0.4650107746	26 189 157 2
0.4650107746	26 66 237 1108
0.4650107746	946 7 44 24
0.4650107746	1018 7 44 24
0.4647101902	218 61 14 764
0.4647101902	1078 11 278 11
0.4639804706	653 7 44 24
0.4639804706	66 33 131 7
0.4639804706	846 7 44 24
0.4639804706	61 18 64 14
0.4638680849	11 278 11 277
0.4637599313	95 2227 224 6 808 1476
0.4636762109	18 798 634 14
0.4633428776	319 250 7007 18
0.4633428776	479 53 2447 127
0.4628304616	219 14 1059 38
0.4628304616	64 14 1059 38
0.4626762109	0 206 1018 14
0.4626386776	218 61 18 668
0.4623384830	26 65 771 607
0.4623384830	603 61 7 272
0.4608933275	218 61 18 798
0.4600657558	61 18 668 14
0.4600657558	11 26 237 1108
0.4600657558	61 18 798 14
0.4600657558	441 7 44 24
0.4587552084	6 53 1298 24
0.4587552084	26 11 20 53
0.4587552084	26 21 1298 24
0.4586406863	6 33 278 18
0.4586406863	131 14 58 38
0.4583897008	37 14 27 4 44 24
0.4583897008	37 14 943 38 27 4
0.4583897008	53 43 7 14 27 4
0.4583897008	7 14 27 4 6 7
0.4583897008	14 619 4 26 7 14
0.4583897008	7 14 996 4 44 24
0.4583897008	21 18 219 14 58 4
0.4583897008	7 14 27 4 44 24
0.4583897008	14 764 4 272 252 53
0.4577497008	4 272 252 21 18
0.4577497008	4 272 252 33 18
0.4577497008	474 14 903 4 14
0.4577497008	53 29 4 14 592
0.4577497008	33 234 4590 18
0.4577497008	14 764 4 14 252 21 18
0.4573768302	44 24 6 65 6 66
0.4573768302	6 65 6 66 44
0.4573768302	61 26 65 26 66
0.4573768302	6 65 6 66 27
0.4572419542	26 53 43 7
0.4567843328	237 1108 152 7 14
0.4567843328	18 157 319 43 319
0.4565563174	66 38 26 65 26 66
0.4565563174	66 11 38 26 65
0.4564044627	231 218 21 18
0.4563232544	61 18 252 14
0.4560711293	237 1108 1119 18
0.4560711293	206 1108 238 18
0.4554091152	218 61 18 219
0.4551694126	11 26 65 26 66 11
0.4549129974	58 11 1059 11
0.4543487575	23 24 26 34
0.4543487575	6 21 23 24
0.4536956675	3634 18 26 7
0.4536956675	603 61 7 2
0.4514415735	43 7 44 24
0.4514415735	1544 18 26 38
0.4486231622	218 61 18 252
0.4484704053	26 53 1298 24
0.4470351226	61 26 53 250
0.4469571511	336 18 26 7
0.4468042037	26 53 234 43
0.4366736911	26 37 6 943
0.4339942236	218 61 14 117 4
0.4339942236	920 1297 11 771 607
0.4339942236	65 6 66 4 14
0.4339942236	1241 58 38 1059 4
0.4312600267	61 14 117 4 272 252 21 18
0.4312600267	27 4 6 7 14
0.4312600267	178 4 26 142 14
0.4312600267	26 37 14 27 4
0.4312600267	73 7 14 27 4
0.4312600267	2264 37 14 27 4
0.4312600267	619 4 26 7 14
0.4312600267	61 14 218 4 272
0.4312600267	269 37 14 27 4
0.4312600267	66 37 14 27 4
0.4312600267	846 7 14 27 4
0.4312600267	43 7 14 27 4
0.4312600267	152 7 14 27 4
0.4312600267	11 7 14 27 4
0.4312600267	61 14 117 4 272
0.4312600267	26 7 14 996 4
0.4312600267	26 7 14 943 4
0.4312600267	73 37 14 27 4
0.4312600267	95 4 26 7 14
0.4312600267	140 4 26 142 14
0.4312600267	58 38 1059 4 14
0.4312600267	58 4 26 7 14
0.4312600267	152 37 14 27 4
0.4298970474	18 64 14 58 38
0.4279748674	14 1059 38 58 4
0.4239970835	237 1108 238 18
0.4196893912	237 1108 238 18 157
0.4184879626	14 764 4 14 252 21
0.4146518766	44 24 6 23 24
0.4101727780	764 4 272 252 53 18
0.4101727780	393 127 14
0.4101727780	1279 211 127
0.4101727780	4272 18 157
0.4101727780	12 1000 133
0.4101727780	61 606 607
0.4101727780	807 34 607
0.4101727780	52 606 607
0.4080026938	382 318 319
0.4080026938	1010 18 157
0.4080026938	233 18 157
0.4080026938	12 1470 133
0.4080026938	269 318 319
0.4080026938	4590 18 157
0.4080026938	12 298 1108
0.4072373234	131 24 127 4
0.4072373234	131 24 132 4
0.4072373234	29 4 14 592
0.4072373234	561 18 127 4
0.4062071814	14 764 4 272 252
0.4048549705	11 741 21 630
0.4044561282	1753 18 157 2
0.4023936762	66 319 787 319
0.4015248170	284 318 319
0.4015248170	189 133 157
0.4015248170	189 157 234
0.4015248170	29 34 234
0.4001133600	6 319 787 319
0.3996541522	219 14 58 4
0.3996541522	1059 38 58 4
0.3996541522	61 2 72 4
0.3996541522	58 38 883 4
0.3980163486	311 211 7 14
0.3979782513	61 741 21 630
0.3957436213	11 20 53 2
0.3957436213	11 24 34 736
0.3957436213	26 237 1108 14
0.3948150499	61 272 21 2
0.3948150499	44 24 38 736
0.3935735372	66 53 14 592
0.3909299240	26 53 14 592
0.3849712611	6 65 606 607
0.3803553648	603 61 272 21
0.3752115860	65 66 11 7949 839
0.3752115860	11 1059 11 38 883 4
0.3752115860	2227 224 6 808 1476
0.3752115860	2227 224 26 808 1476
0.3752115860	2934 6 2384 2341 82
0.3752115860	1325 920 11 771
0.3752115860	1900 463 808 1476
0.3752115860	807 808 607
0.3752115860	420 152 37
0.3752115860	2940 1417 4
0.3752115860	2831 462 37
0.3752115860	985 664 4
0.3752115860	1673 1358 4
0.3752115860	629 5646 4
0.3752115860	2227 224 1476
0.3752115860	842 808 607
0.3752115860	65 3013 607
0.3752115860	4873 224 4744
0.3752115860	743 1156 254
0.3752115860	52 920 1297 18
0.3752115860	5742 178 4
0.3752115860	2384 1544 18
0.3752115860	872 1411 7
0.3752115860	74 265 4
0.3752115860	936 1220 4
0.3752115860	743 744 254
0.3729878547	65 920 66 7 14
0.3713612048	6 33 23 24
0.3704465386	189 550 18
0.3704465386	2152 224 38
0.3704465386	232 910 127
0.3704465386	5871 40 37
0.3704465386	1136 655 127
0.3704465386	232 1615 127
0.3704465386	534 1267 216
0.3704465386	1132 655 127
0.3704465386	743 744 7
0.3704465386	252 782 127
0.3704465386	1474 655 127
0.3704465386	1011 43 7
0.3704465386	866 52 771
0.3704465386	232 1422 127
0.3704465386	22 23 24
0.3704465386	1078 252 21
0.3704465386	165 61 231
0.3704465386	252 1615 127
0.3704465386	743 2123 7
0.3704465386	743 4177 7
0.3704465386	27 3907 37
0.3704465386	232 655 127
0.3685516639	61 18 219 14
0.3672276484	27 1053 37
0.3660087128	920 1297 11 18
0.3660087128	11 920 1297 18
0.3656067830	1292 619 7
0.3656067830	252 848 18
0.3656067830	580 1279 211
0.3656067830	29 30 38
0.3656067830	748 749 37
0.3656067830	748 822 37
0.3656067830	743 1156 7
0.3647228974	4 14 623 252
0.3647228974	14 2641 4 6
0.3647228974	14 27 4 248
0.3647228974	2 365 4 464
0.3647228974	4 6 34 81
0.3647228974	2 311 4 44
0.3647228974	37 943 4 898
0.3647228974	2 72 4 44
0.3647228974	14 1751 4 6
0.3647228974	4 1798 37 6
0.3647228974	14 4431 4 6
0.3647228974	14 27 4 914
0.3647228974	14 27 4 2295
0.3647228974	4 629 38 45
0.3647228974	14 996 4 629
0.3647228974	14 996 4 45
0.3647228974	14 257 4 6
0.3647228974	14 1913 4 6
0.3647228974	14 73 4 1798
0.3647228974	14 1140 4 26
0.3647228974	4 248 18 466
0.3647228974	37 943 4 6
0.3647228974	271 65 839 66
0.3647228974	14 996 4 2054
0.3647228974	16 14 534 1267
0.3647082549	68 518 206
0.3632653229	65 6 66 53 2
0.3632653229	65 26 66 53 2
0.3626339236	26 311 65 771
0.3605751001	65 669 66 38
0.3605751001	2054 6 168 7
0.3596465287	65 920 66 33
0.3596465287	11 883 11 38
0.3570695290	65 26 66 7 14
0.3562845009	37 14 534 1167
0.3561670850	117 61 14 117 4
0.3559988648	0 2631 18 64
0.3559988648	21 1060 18 64
0.3559988648	234 43 211 846
0.3559988648	3930 9115
0.3553321981	250 43 38 432
0.3551194855	60 61 26 53
0.3551194855	26 11 7905 38
0.3549944855	6 65 913 66 7
0.3549944855	218 61 26 53
0.3549784150	805 65 6 66 38
0.3549784150	6 218 61 18
0.3549784150	6 44 23 24
0.3546499860	589 61 26 53
0.3544280626	60 61 26 11 2
0.3538062811	1108 152 18 1463
0.3532430243	252 218 61 18
0.3520086971	7764 11 26 11 38
0.3518466654	7 44 24 1025
0.3518466654	606 607 66 11
0.3512671185	61 14 218 4 272 252 21
0.3510045601	18 338 14 58
0.3510045601	18 219 14 1059
0.3509702970	603 61 44 24
0.3509702970	117 61 26 53
0.3509702970	60 61 26 237
0.3506294695	0 623 2 3
0.3503544381	60 61 6 53
0.3500930063	771 607 66 11
0.3500930063	18 219 14 140
0.3492106533	18 668 14 58
0.3489918224	474 387 319 43
0.3489918224	7 2 1673 1358
0.3475604683	18 64 14 265
0.3475604683	234 43 211 26
0.3460535230	66 53 29 4 14
0.3460535230	66 7 14 27 4
0.3458887337	7 14 168 311
0.3458887337	319 43 319 26
0.3458887337	7 44 24 990
0.3458887337	7 44 24 249
0.3456748299	7 44 24 587
0.3456748299	7 44 24 833
0.3453736119	26 218 61 18
0.3451962991	7 1047 38 2074
0.3451387337	318 319 26 65
0.3451387337	7 44 24 914
0.3451387337	7 44 24 3391
0.3443850721	18 7891 38 26
0.3443740278	7 44 24 1544
0.3443740278	7 44 24 915
0.3443740278	7 44 24 2745
0.3443740278	7 44 24 1114
0.3443740278	318 319 26 11
0.3441536668	14 95 4 26 65
0.3441536668	14 27 4 6 11
0.3441536668	14 27 4 6 61
0.3441536668	14 140 4 26 11
0.3441536668	14 140 4 26 65
0.3441536668	14 178 4 26 65
0.3441536668	14 27 4 629 6
0.3431226328	53 250 43 27
0.3421910729	24 248 18 466
0.3421910729	18 219 14 265
0.3421102684	7 44 24 466
0.3421102684	7 2 277 11
0.3419295422	7 57 24 26
0.3405534259	53 152 18 1463
0.3390467592	2 432 38 43
0.3371647010	21 946 7 44
0.3366566136	7 2 278 11
0.3356499952	7 44 24 248
0.3356499952	1108 23 24 26
0.3334795783	18 798 14 58
0.3334795783	7 44 24 1154
0.3334574114	127 26 53 43
0.3315814020	21 1018 7 44
0.3302805998	7 44 24 247
0.3299437549	18 64 14 58
0.3297237757	37 6 943 7 2745
0.3293329433	24 6 33 23
0.3292001777	3014 1124 65 1297 66
0.3292001777	65 27963 66
0.3292001777	690 96 26
0.3292001777	571 65 791 66
0.3286429528	14 1059 38 58
0.3267428297	33 23 24 26
0.3239635480	21 23 24 26
0.3233447293	7891 11 26 11 38
0.3196213035	37 14 27 4 44
0.3196213035	37 14 27 4 629
0.3196213035	7 14 27 4 44
0.3196213035	7 14 996 4 6
0.3196213035	37 14 27 4 45
0.3196213035	7 14 27 4 629
0.3196213035	7 14 943 4 6
0.3196213035	14 764 4 14 623
0.3196213035	14 218 4 272 252
0.3196213035	37 14 996 4 6
0.3196213035	37 14 943 4 6
0.3196213035	37 14 943 4 898
0.3191738305	37 14 27 4 6 65
0.3167549434	26 65 26 66 37
0.3167549434	65 26 66 11 2
0.3167549434	6 65 6 66 53
0.3167336537	11 319 787 319
0.3159344306	26 65 26 66 18
0.3137959173	26 65 26 66 237
0.3120160136	21 18 219 14 58 38 1059
0.3112451446	4 7891 11 26 11
0.3112451446	4 7891 11 9147
0.3112451446	607 52 920 1297
0.3112451446	4 898 6 65
0.3112451446	4 2934 6 2384
0.3112451446	2 5378 365
0.3112451446	771 807 66
0.3112451446	37 629 11934
0.3112451446	216 72 988
0.3112451446	21 580 1279
0.3112451446	2 1709 1367
0.3112451446	142 872 1411
0.3112451446	4 534 1798
0.3112451446	4 986 180
0.3112451446	319 6301 40
0.3112451446	630 743 744
0.3112451446	24 629 17833
0.3112451446	4 6 65 6 66
0.3112451446	4 629 11934 6
0.3112451446	216 72 990
0.3112451446	2 2858 287
0.3112451446	2 697 252
0.3112451446	4 1516 269
0.3112451446	132 12 1006
0.3112451446	839 808 224
0.3112451446	474 387 29
0.3112451446	2 3 1
0.3112451446	319 5871 40
0.3112451446	24 629 10727
0.3105788938	14 27 4 1798
0.3105784779	18 7891 65 7892
0.3105784779	7 44 961 72
0.3081175372	26 65 771 842
0.3061417815	34 7 491 24 26
0.3059511120	133 580 926
0.3059511120	21 580 912
0.3059511120	21 22 23
0.3059511120	2 743 2123
0.3059511120	592 379 152
0.3059511120	231 232 655
0.3059511120	272 252 460
0.3059511120	1108 420 152
0.3059511120	2 742 743
0.3059511120	474 387 413
0.3059511120	42 420 152
0.3059511120	14 1120 2054
0.3059511120	438 232 655
0.3059511120	630 743 1156
0.3059511120	42 379 152
0.3059511120	272 56 252
0.3059511120	592 1801 152
0.3059511120	630 742 743
0.3059511120	319 4070 61
0.3052844453	2 277 11 458
0.3036264915	7 260 18 219
0.3024936096	7 14 26 311 65
0.3023256239	72 988 34
0.3021404972	7 44 24 23384
0.3012040628	24 6 23 24 26
0.3005817167	474 779 748
0.3005817167	33 1011 43
0.3005817167	7 68 483
0.3002355792	24 629 11934 6
0.3002355792	2 277 11 278
0.3001890596	170 61 7 44
0.2999988735	464 2831 2
0.2999988735	44 228 82
0.2989440696	2 56 252
0.2989440696	474 387 654
0.2989440696	216 215 124
0.2989440696	7 1360 246
0.2985121251	954 157 152
0.2985121251	606 607 52
0.2985121251	21 839 808
0.2985121251	319 250 7007
0.2985121251	607 839 808
0.2985121251	911 18 654
0.2985121251	82 839 808
0.2985121251	1000 133 2136
0.2984819201	37 2054 6 996
0.2975995672	37 2054 6 456
0.2971137384	272 252 2631
0.2968152534	37 2054 6 168
0.2968152534	14 168 311 65
0.2964955941	7 44 24 6 65
0.2964955941	7 44 24 6 11
0.2962791572	37 2316 6 65
0.2962791572	18 6 24388 65
0.2961458752	7 44 24 990 6 65 6 66
0.2959490026	7 14 846 311
0.2955144513	312 65 26 66
0.2955144513	14 58 11 1059
0.2955144513	37 654 65 66
0.2955144513	24 990 6 65
0.2945766705	4 14 592 482
0.2939100039	53 14 592 482
0.2917351245	14 623 252 11
0.2915308263	18 219 14 58
0.2914763468	18 1463 6 11
0.2910800148	206 1108 238
0.2910800148	237 1108 349
0.2910800148	206 1108 1119
0.2910800148	935 2 695
0.2910800148	1000 133 175
0.2910800148	2157 133 801
0.2910800148	237 1108 1018
0.2910800148	166 157 152
0.2910800148	237 1108 1362
0.2910800148	234 211 246
0.2910800148	1172 2 90
0.2910800148	298 1108 23
0.2910800148	954 157 1530
0.2910800148	1000 133 801
0.2910800148	21 474 387
0.2909947300	7 14 623 252
0.2902300241	7 44 24 286
0.2888234424	6 943 7 44
0.2881749823	53 152 7 14 27
0.2881445602	741 21 630 743
0.2881445602	741 33 630 743
0.2873571261	18 157 250 43
0.2860555392	1000 133 3730
0.2860555392	37 998 246
0.2860042093	18 157 234 43
0.2852984921	14 846 311 65
0.2844178922	14 592 593
0.2844178922	53 787 1677
0.2844178922	2038 216 124
0.2835851106	24 34 736 26
0.2831200847	741 21 630 744
0.2814824376	741 33 630 1156
0.2808157710	741 21 2 743
0.2808157710	53 14 592 379
0.2798741347	1000 133 580
0.2787328003	26 65 606 607
0.2782408217	64 14 58 38
0.2782408217	946 14 58 38
0.2759005402	272 53 14 534
0.2690629590	37 6 65 6 66
0.2682424462	18 26 65 26 66 11
0.2682424462	24 26 65 26 66
0.2674147999	7 14 27 4 45
0.2674147999	37 14 27 4 6
0.2631782601	14 58 38 1059 4 14
0.2631782601	4 26 37 14 27 4
0.2631782601	4 14 58 38 1059 4
0.2631782601	14 95 4 26 7 14
0.2631782601	37 14 943 4 6 7
0.2613591825	607 11 920 1297
0.2585034469	272 252 848
0.2585034469	438 1474 655
0.2585034469	53 420 152
0.2585034469	250 1292 619
0.2585034469	53 379 152
0.2508101577	26 65 26 66 53
0.2494760196	14 4503 58 4
0.2494760196	250 76 748 4
0.2494760196	2 278 459 4
0.2494760196	4 898 6 216
0.2494760196	4 491 40 24
0.2494760196	2 1241 252 4
0.2494760196	4 6 2184 137
0.2494760196	14 4503 140 4
0.2494760196	2 499 365 4
0.2494760196	14 68 58 4
0.2494760196	14 4503 178 4
0.2494760196	14 585 58 4
0.2446197110	2 1078 11 278
0.2432562525	0 206 1018
0.2432562525	237 1108 1119
0.2432562525	237 1108 238
0.2426861892	2 278 11 277
0.2409344874	33 580 1279 7
0.2404747511	272 252 946 14
0.2400907650	7 44 12 298
0.2400907650	7 1444 44 24
0.2400907650	771 842 66 38
0.2385107619	37 6 456 216
0.2382968582	38 920 11 1187
0.2382968582	14 4503 58 38
0.2382968582	272 252 11 0
0.2382968582	7 3119 44 24
0.2377607619	37 6 168 216
0.2377607619	7 465 44 24
0.2374226299	127 26 189 157
0.2370381859	237 1108 420
0.2362570025	37 6 919 7
0.2362570025	38 603 61 2
0.2362570025	24 218 61 18
0.2362570025	38 63 61 14
0.2362570025	18 190 6 7
0.2356287231	250 43 27 37
0.2356287231	272 252 131 14
0.2328580831	2 743 2185 7
0.2325900737	142 2054 6 38
0.2325900737	18 1463 6 38
0.2325900737	142 2054 6 7
0.2323259619	14 623 252 21
0.2317984070	37 6 456 7
0.2299219387	18 1463 6 7
0.2274759588	18 1463 44 24
0.2265529684	4 26 65 26 66 7
0.2259721994	24 6 12 33
0.2253772334	2384 2341 82
0.2247470837	24 7891 11 26 38
0.2223052706	7 218 61 18
0.2207341524	65 8099 66 53
0.2146335625	14 764 4 14 623 252 21
0.2112324670	14 95 4 26 37
0.2112324670	4 6 7 44 24
0.2112324670	4 26 37 27 4
0.2112324670	14 996 4 6 7
0.2112324670	14 95 4 26 7
0.2112324670	14 95 4 26 319
0.2112324670	14 178 4 26 142
0.2112324670	14 943 4 6 38
0.2112324670	38 1059 4 26 7
0.2112324670	14 491 4 26 38
0.2112324670	14 58 4 26 7
0.2112324670	14 27 4 6 7
0.2112324670	14 27 4 6 24
0.2112324670	38 883 4 26 7
0.2112324670	37 27 4 6 38
0.2112324670	14 996 4 44 24
0.2112324670	14 95 4 26 38
0.2112324670	14 140 4 26 142
0.2112324670	14 178 4 26 38
0.2112324670	4 26 7 44 24
0.2112324670	14 27 4 44 24
0.2112324670	37 27 4 6 7
0.1952601233	7 14 27 4 6 38
0.1952601233	38 26 7 14 27 4
0.1952601233	630 1156 254
0.1952601233	33 4832 18
0.1952601233	4 26 7 14 27 4
0.1952601233	21 4442 319
0.1952601233	82 5112 18
0.1952601233	474 2901 38
0.1952601233	18 246 880
0.1952601233	157 1530 37
0.1938839105	14 1642 254
0.1938839105	33 278 400
0.1938839105	53 2208 137
0.1938839105	0 655 127
0.1938839105	0 778 127
0.1938839105	0 680 18
0.1938839105	0 118 14
0.1938839105	133 1842 18
0.1938839105	53 581 211
0.1938839105	206 349 127
0.1938839105	42 1184 18
0.1938839105	206 238 127
0.1938839105	0 118 2
0.1938839105	21 2345 18
0.1938839105	0 1967 127
0.1938839105	18 798 526
0.1938839105	157 1886 37
0.1938839105	237 274 1108
0.1924955840	7 44 24 6 34
0.1923246687	474 14 1167 4
0.1923246687	7 14 628 4
0.1923246687	7 14 673 4
0.1923246687	142 14 1736 4
0.1923246687	37 14 1736 4
0.1923246687	142 14 262 4
0.1923246687	14 903 4 14
0.1923246687	14 764 4 272
0.1923246687	16 14 534 2038
0.1923246687	24 2 677 4
0.1923246687	7 14 2530 4
0.1923246687	4 272 252 53
0.1923246687	4 272 252 33
0.1923246687	319 2 2088 4
0.1923246687	4 14 252 21 18
0.1923246687	474 14 903 4
0.1923246687	770 607 52 771
0.1923246687	2 3 4 2
0.1923246687	37 14 5561 4
0.1923246687	474 2 365 4
0.1923246687	319 250 1531 18
0.1923246687	7 14 674 4
0.1923246687	7 14 332 4
0.1923246687	7 2 3021 4
0.1923246687	7 2 1358 4
0.1923246687	4 231 252 21 18
0.1923246687	14 3 4 2
0.1923246687	14 764 4 231
0.1923246687	166 133 157
0.1916580021	157 319 43 319
0.1916580021	319 250 431 18
0.1916580021	606 607 66 34
0.1916580021	606 607 66 33
0.1909484560	1108 238 18 157
0.1909484560	53 234 43 211
0.1909484560	21 234 43 211
0.1909484560	231 764 21 18
0.1909484560	195 1000 133
0.1909484560	479 237 1108
0.1909484560	133 981 1108
0.1909484560	21 18 798 634
0.1909484560	157 234 43 211
0.1909484560	20 237 1108
0.1909484560	741 53 630
0.1902817893	237 1108 1298 24
0.1902817893	21 778 18 157
0.1902817893	237 1108 152 37
0.1898592306	24 26 7 44 24
0.1898592306	38 26 7 44 24
0.1898592306	7 44 24 6 38
0.1891967078	18 157 3634 18
0.1891967078	53 319 43 319
0.1891321623	254 5112 38
0.1878294350	319 787 319 14
0.1878204950	237 1108 152 18
0.1873133060	21 18 668 14
0.1873133060	771 607 66 38
0.1866121623	234 4590 18
0.1866121623	237 3381 2
0.1866121623	630 744 7
0.1866121623	18 338 634
0.1866121623	319 1611 137
0.1865633060	33 23 24 2
0.1865633060	21 1298 24 2
0.1865633060	21 18 798 14
0.1865633060	33 131 7 2
0.1865633060	21 18 219 14
0.1865633060	318 319 26 38
0.1864532223	21 133 1298 24
0.1859370933	7 272 252 0
0.1857738323	7 1206 18 14
0.1857738323	7 2 927 24
0.1857738323	7 2386 38 7
0.1855300411	33 131 24 132
0.1851870933	1108 152 7 14
0.1836767077	741 42 630
0.1836767077	237 133 1108
0.1836767077	206 133 1108
0.1836767077	954 133 157
0.1830687468	237 1108 152 7
0.1830100411	21 238 18 157
0.1804353450	272 252 21 18
0.1791814741	319 787 319 7
0.1786653450	53 250 43 38
0.1786653450	21 18 338 14
0.1786653450	53 2 432 38
0.1779153450	24 96 26 34
0.1779153450	157 43 7 14
0.1779153450	53 1298 24 2
0.1779153450	18 157 43 7
0.1765741472	53 43 7 14
0.1762954385	24 1114 1400
0.1710370487	14 592 420
0.1710370487	33 234 4590
0.1590259633	14 619 4 26 7
0.1590259633	14 58 38 1059 4
0.1460601483	0 393 127
0.1446175646	231 218 21
0.1419449625	14 232 4 272
0.1412782958	607 11 771 607
0.1326828517	479 53 2447
0.1305356388	21 18 64 14
