0.9968198830	3 6
0.6092198830	3 364
0.6092198830	3 209
0.5923777778	24 3
0.5863777778	1643 3
0.5665309942	3 7
0.5665309942	3 50
0.5586888889	2 3
0.5576888889	3175 3
0.4885309942	3 3
0.4749777778	25 3
0.4716888889	6 3
0.4362198830	3 242
0.4362198830	3 481
0.4232198830	3 3404
0.4223777778	2298 3
0.4222198830	3 194
0.4203777778	1966 3
0.4193777778	1642 3
0.4193777778	3259 3
0.4162198830	3 4322
0.4142198830	3 518
0.4133777778	1557 3
0.4122198830	3 1575
0.4063777778	3167 3
0.4055309942	3 3455
0.4043777778	406 3
0.4006888889	27 3
0.4002888889	0 5914 0 5914 0
0.4002888889	5914 31896 6 21009 32004 3 7 16037
0.3976888889	37 3
0.3975309942	3 33
0.3905309942	3 15
0.3903777778	63 6
0.3866888889	2 40
0.3853777778	6 1611
0.3835309942	3 76
0.3835309942	3 2
0.3835309942	3 24
0.3835309942	3 159
0.3835309942	3 37
0.3833777778	1966 27
0.3833777778	2298 27
0.3813777778	29 52
0.3813777778	1537 27
0.3813777778	124 412
0.3813777778	0 97
0.3803777778	0 991
0.3803777778	0 29
0.3793777778	25 47
0.3793777778	52 1519
0.3793777778	412 159
0.3783777778	1057 24
0.3783777778	832 27
0.3773777778	58 25
0.3773777778	1992 5
0.3773777778	1611 2
0.3773777778	1682 63
0.3773777778	360 27
0.3773777778	1556 15
0.3773777778	588 25
0.3773777778	2138 24
0.3773777778	1557 27
0.3773777778	12 25
0.3763777778	332 27
0.3733777778	24 2594
0.3733777778	1371 27
0.3723777778	558 27
0.3713777778	3781 27
0.3713777778	3465 24
0.3713777778	1593 24
0.3665309942	3 50 6
0.3605309942	3 7 377 3703
0.3605309942	3 7 377 1529
0.3566888889	2666 2 3
0.3566888889	27 3 50
0.3536888889	2 25 6
0.3536888889	52 371
0.3526888889	56 375
0.3526888889	12 76
0.3526888889	2 377 1027 47
0.3526888889	1632 1527 2
0.3526888889	260 384
0.3506888889	6 7 3
0.3506888889	0 29 52
0.3506888889	122 5
0.3506888889	4 5
0.3496888889	37 6 2 3
0.3496888889	0 97 124 412
0.3496888889	377 1027 894
0.3496888889	1555 679
0.3496888889	2 6 7 3 7
0.3496888889	1680 1527
0.3496888889	1533 3873
0.3496888889	377 1529
0.3496888889	377 3703
0.3486888889	159 25 6 27 3
0.3486888889	1790 63 6 7 3
0.3486888889	2 25 2155 2832
0.3486888889	2 6 7
0.3486888889	159 25 6
0.3486888889	24 6 7
0.3486888889	25 6 7
0.3486888889	0 6 7
0.3486888889	37 6 7
0.3486888889	27 6 7
0.3486888889	27120 24937
0.3486888889	1632 1527
0.3486888889	2155 2850
0.3486888889	2 25 6 128 27 3
0.3486888889	2 25 6 449 27 3
0.3486888889	2 25 6 558 27 3
0.3486888889	2 25 6 384 27 3
0.3486888889	2 25 6 27 3
0.3486888889	8 8801 2987 2343 2358
0.3486888889	2 3 50 6
0.3486888889	2 377 1027 1028
0.3486888889	25 47 27 3
0.3486888889	412 2 25
0.3486888889	6 7 1643
0.3486888889	1790 63 6
0.3486888889	25 6 2411
0.3486888889	15 6 7
0.3486888889	124 412 37
0.3486888889	2155 2156
0.3486888889	2155 2832
0.3476888889	452 453 2
0.3476888889	6 124 53
0.3476888889	33 991
0.3476888889	452 453
0.3476888889	33 29
0.3466888889	2 25 6 449 27
0.3466888889	2 25 6 558 27
0.3466888889	52 371 2
0.3466888889	2 6 2
0.3466888889	15 6 2
0.3466888889	0 97 124
0.3466888889	6 7 53
0.3466888889	30 122 5
0.3466888889	24 6 2
0.3466888889	37 6 2
0.3466888889	27 6 2
0.3466888889	5 425 5
0.2666888889	6 6
0.2552198830	3 47
0.2532198830	3 3444
0.2532198830	3 1537
0.2522198830	3 1679
0.2522198830	3 1980
0.2512198830	40 3
0.2512198830	3 1969
0.2512198830	3 3875
0.2512198830	3 230
0.2502198830	3 2463
0.2502198830	3 1571
0.2502198830	3 2344
0.2472198830	3 1472
0.2472198830	3 681
0.2472198830	3 171
0.2462198830	3 998
0.2462198830	3 859
0.2452198830	3 648
0.2452198830	3 3452
0.2452198830	3 1577
0.2442198830	16 24
0.2432198830	3 2517
0.2432198830	3 155
0.2432198830	3 1950
0.2423777778	63 3
0.2403777778	308 3
0.2403777778	58 3
0.2403777778	959 3
0.2403777778	159 3
0.2403777778	179 3
0.2393777778	3182 3
0.2383777778	1966 40
0.2375309942	3 1542
0.2353777778	25 40
0.2353777778	463 3
0.2353777778	87 3
0.2343777778	3150 3
0.2343777778	859 3
0.2343777778	2544 3
0.2343777778	1675 3
0.2343777778	1598 3
0.2343777778	402 3
0.2333777778	4281 3
0.2333777778	3190 3
0.2333777778	2707 3
0.2325309942	3 449
0.2325309942	3 1200
0.2325309942	3 128
0.2325309942	3 3197
0.2305309942	3 179
0.2305309942	3 2586
0.2305309942	3 9483
0.2305309942	3 437
0.2305309942	3 234
0.2305309942	3 2411
0.2295309942	3 10161
0.2295309942	3 2013
0.2292888889	6 21009 32004 3 7
0.2282888889	124 5796 159 25 4887 9438 32356 25 6982 27
0.2282888889	5796 159 25 4887 9438 32356 25 6982 27 25
0.2275309942	40 15
0.2256888889	99 3
0.2246888889	3026 3
0.2246888889	2516 3
0.2246888889	2038 3
0.2216888889	53 3
0.2205309942	3 0
0.2203777778	74 53
0.2196888889	1961 3
0.2196888889	1985 3
0.2195309942	40 3 7
0.2195309942	3 74
0.2195309942	3 816
0.2195309942	3 99
0.2195309942	3 5
0.2195309942	3 124
0.2195309942	3 145
0.2195309942	3 52
0.2195309942	3 63
0.2193777778	124 1166
0.2186888889	27 40
0.2186888889	74 3
0.2185309942	40 1556
0.2176888889	1525 3
0.2176888889	2293 3
0.2176888889	1316 3
0.2176888889	3455 3
0.2176888889	19 3
0.2176888889	3975 3
0.2173777778	378 15
0.2153777778	76 53
0.2153777778	203 124
0.2153777778	52 221
0.2143777778	53 377
0.2143777778	25 89
0.2143777778	0 816
0.2143777778	159 53
0.2143777778	76 56
0.2143777778	991 52
0.2133777778	159 585
0.2133777778	76 1134
0.2133777778	53 525
0.2133777778	53 1325
0.2133777778	52 2117
0.2133777778	25 1274
0.2133777778	24 149
0.2133777778	159 2319
0.2133777778	159 2072
0.2133777778	159 1800
0.2133777778	159 1796
0.2133777778	159 444
0.2133777778	0 1448
0.2123777778	377 3680
0.2123777778	6 50
0.2123777778	37 1827
0.2123777778	206 25
0.2123777778	56 2220
0.2123777778	1284 25
0.2123777778	159 373
0.2123777778	159 1666
0.2123777778	159 3636
0.2123777778	159 501
0.2123777778	683 74
0.2116888889	0 3
0.2113777778	25 1961
0.2113777778	25 2943
0.2113777778	25 128
0.2113777778	2329 27
0.2113777778	3445 99
0.2113777778	25 1007
0.2113777778	25 377
0.2113777778	110 99
0.2113777778	1016 99
0.2113777778	2927 99
0.2112888889	0 5914 0 5914 0 5914 0
0.2106888889	76 3
0.2106888889	5 3
0.2106888889	7 3
0.2103777778	25 559
0.2103777778	432 25
0.2103777778	2 583
0.2103777778	81 2
0.2103777778	15 19
0.2103777778	25 78
0.2103777778	463 25
0.2103777778	1611 15
0.2103777778	414 25
0.2103777778	859 6
0.2103777778	2 56
0.2103777778	0 210
0.2103777778	816 25
0.2102198830	3 7 1843
0.2093777778	53 150
0.2093777778	25 331
0.2093777778	25 150
0.2093777778	1900 27
0.2093777778	1406 2
0.2093777778	2778 0
0.2093777778	15 438
0.2083777778	25 900
0.2083777778	53 265
0.2083777778	25 211
0.2083777778	3423 0
0.2083777778	6 209
0.2083777778	6 364
0.2083777778	596 25
0.2073777778	160 27
0.2073777778	7996 0
0.2073777778	44351 6
0.2073777778	6 50552
0.2073777778	726 27
0.2073777778	406 6
0.2073777778	25 833
0.2073777778	24 3538
0.2073777778	1088 2
0.2073777778	471 27
0.2073777778	3873 6
0.2073777778	0 13836
0.2063777778	1444 24
0.2063777778	2393 27
0.2063777778	53 1184
0.2063777778	25 182
0.2063777778	2587 27
0.2063777778	9793 24
0.2063777778	649 24
0.2063777778	546 24
0.2063777778	555 27
0.2062198830	3 7 1824
0.2046888889	6 2 3
0.2042198830	3 7 9418
0.2033777778	449 2 3
0.2025309942	3 7 33
0.2023777778	15 1557
0.2023777778	15 1966
0.2023777778	52 1106
0.2003777778	1527 2 6 7 3
0.2003777778	743 2 6 7
0.2003777778	2 25 6 384
0.2003777778	1556 2 6 7
0.2003777778	52 81
0.1993777778	449 27
0.1983777778	2 25 6 449 27 1643
0.1983777778	2133 2 6 7
0.1983777778	1356 2 6 7
0.1983777778	1197 99
0.1983777778	868 203
0.1983777778	711 2 6 7
0.1983777778	56 743
0.1983777778	1527 412
0.1983777778	1245 1057
0.1983777778	991 1057
0.1973777778	29 52 1905
0.1973777778	52 2149
0.1973777778	3528 3529 3527
0.1973777778	29 1356
0.1973777778	145 1076
0.1973777778	1241 7810
0.1973777778	375 1057
0.1970000000	2 40 3
0.1963777778	959 27
0.1963777778	128 27
0.1963777778	111 27
0.1963777778	743 2 6 7 3
0.1963777778	1824 6 7 3
0.1963777778	2 3 7 33
0.1963777778	1985 25
0.1963777778	334 2
0.1963777778	1356 2
0.1963777778	349 27
0.1956888889	2 25 3
0.1956000000	0 5914 0 5914 0 5914
0.1955309942	3 2013 384
0.1953777778	29 1057
0.1953777778	1824 1790 63 6 7 3
0.1953777778	29 1517
0.1953777778	743 24
0.1953777778	371 2
0.1943777778	63 3175
0.1943777778	6 449
0.1943777778	6 95
0.1943777778	9418 6 7 3
0.1943777778	52 410
0.1943777778	52 412
0.1943777778	25 1028
0.1943777778	25 2974
0.1943777778	29 1682
0.1943777778	10023 1155
0.1943777778	6 2038
0.1943777778	2 1642
0.1943777778	2 3175
0.1943777778	2 1675
0.1943777778	15 581
0.1936888889	27 25 6
0.1935309942	3 7 377
0.1933777778	4578 87
0.1933777778	1824 0
0.1933777778	623 27
0.1933777778	1537 2
0.1933777778	2197 24
0.1933777778	673 27
0.1933777778	181 27
0.1933777778	711 2
0.1933777778	334 124
0.1933777778	412 2
0.1933777778	124 711
0.1933777778	683 2
0.1933777778	2013 27
0.1933777778	1456 2
0.1933777778	3404 15
0.1933777778	1295 2
0.1923777778	581 2 6 7
0.1923777778	52 1088
0.1923777778	3099 27
0.1923777778	30 122
0.1923777778	52 1905
0.1923777778	6 3261
0.1916888889	15 2 25
0.1916888889	25 6 2
0.1916888889	6 2 25
0.1916888889	63 6 7 3
0.1915309942	3 50 6 7
0.1915309942	3 2153 6
0.1915309942	3 2013 160
0.1913777778	5 425
0.1913777778	4987 27
0.1906888889	99 25 3
0.1906888889	5 221
0.1906888889	27 25 3
0.1906888889	203 52
0.1905309942	3 7 10531 15
0.1903777778	2292 27
0.1903777778	52 581
0.1903777778	1028 0
0.1896888889	1966 3 7
0.1896888889	25 377 1027
0.1896888889	56 89
0.1896888889	412 37
0.1893777778	124 4575
0.1893777778	7534 24
0.1886888889	25 377 1027 47
0.1886888889	406 3 7
0.1886888889	56 549
0.1886888889	56 1691
0.1886888889	56 1803
0.1886888889	56 2871
0.1886888889	3415 1556
0.1886888889	1610 1611
0.1886888889	8297 1611
0.1886888889	159 66
0.1886888889	124 30
0.1886888889	124 221
0.1886888889	4030 1611
0.1886888889	3773 1611
0.1886888889	1571 2293
0.1886888889	3332 1611
0.1886888889	3680 3681
0.1886888889	8170 1611
0.1886888889	378 308
0.1886888889	377 1211
0.1886888889	377 1027
0.1886888889	377 3762
0.1886888889	377 9198
0.1886888889	2062 2293
0.1886888889	1556 8289
0.1886888889	1134 1135
0.1886888889	2062 1556
0.1886888889	63 25 6 7
0.1886888889	1057 24 3
0.1886888889	56 2940
0.1886888889	1448 21
0.1886888889	159 583
0.1886888889	10460 1556
0.1886888889	97 52
0.1886888889	203 1076
0.1886888889	3457 378
0.1886888889	7150 2293
0.1883777778	124 1905
0.1876888889	2 3 50 6 7
0.1876888889	6 7 3 7
0.1876888889	6 15 3
0.1876888889	1611 13082
0.1876888889	815 816
0.1876888889	3060 432
0.1876888889	378 2
0.1866888889	412 2 25 6 449 27 3 7
0.1866888889	2 6 7 3 7 1824
0.1866888889	2 3 50 6 3261
0.1866888889	6 7 3 7 1848
0.1866888889	6 7 3 7 16197
0.1866888889	2 3 7 377 1529
0.1866888889	449 27 3 7
0.1866888889	1611 2 6 7
0.1866888889	1527 2 6 7
0.1866888889	2 6 7 3167
0.1866888889	124 221 1616
0.1866888889	3175 3 7
0.1866888889	24940 3069 24941
0.1866888889	377 1027 833
0.1866888889	1437 2498
0.1866888889	561 412
0.1866888889	3621 3455
0.1866888889	26882 2194
0.1866888889	3415 3455
0.1866888889	1996 8347
0.1866888889	3709 2463
0.1866888889	3098 9032
0.1866888889	1274 2966
0.1866888889	3098 3674
0.1866888889	8296 2360
0.1866888889	3527 3069
0.1866888889	3527 3416
0.1866888889	24931 2038
0.1866888889	1642 2666
0.1866888889	3464 3069
0.1866888889	1415 3455
0.1866888889	3460 8112
0.1866888889	3191 8657
0.1866888889	3191 2038
0.1866888889	8879 3178
0.1866888889	2039 2038
0.1866888889	377 1880
0.1866888889	7021 216
0.1866888889	10181 20120
0.1866888889	2206 2554
0.1866888889	8864 3098
0.1866888889	1556 3531
0.1866888889	2666 2360
0.1866888889	87 8
0.1866888889	3459 3069
0.1866888889	25 1537 27
0.1866888889	2298 377 1529
0.1866888889	37 25 6
0.1866888889	406 6 364
0.1866888889	377 1027 47
0.1866888889	25 1966
0.1866888889	166 1616
0.1866888889	1996 4143
0.1866888889	20966 2360
0.1866888889	3098 3349
0.1866888889	1833 9642
0.1866888889	368 2463
0.1866888889	3460 24932
0.1866888889	3460 3461
0.1866888889	3875 334
0.1866888889	4045 3178
0.1866888889	377 8177
0.1856888889	2 623 27 3 15 8192 2 623 27 377 1027 1028
0.1856888889	2 25 6 449 27 3 7 377 1027 1028
0.1856888889	377 1027 47 2013 160 145 3441 25 3 1537
0.1856888889	377 3679 377 3680 3681 2363 24938 709 3208
0.1856888889	2 6 7 3 7 377 1027 1028
0.1856888889	25 1557 3099 8995 2358 2 6
0.1856888889	2 25 6 558 27 3 7
0.1856888889	377 3680 3681 2363 24938 709 3208
0.1856888889	2 3 7 377 1027 894
0.1856888889	1790 63 25 6 7 3
0.1856888889	15 8192 2 623 27 3
0.1856888889	36060 3 2153 6 7
0.1856888889	7 3 3960 27 3961
0.1856888889	27 1680 1527 1109 8257
0.1856888889	0 2 1914 221 8034
0.1856888889	2 25 2155 2156
0.1856888889	2 25 2155 2850
0.1856888889	24 25 2155 2156
0.1856888889	2517 6837 2 6
0.1856888889	25 3 1537 27
0.1856888889	2 377 1027 894
0.1856888889	24928 24953 24929 3836
0.1856888889	159 3 50 6
0.1856888889	1533 3873 6
0.1856888889	99 25 6
0.1856888889	6 7 15
0.1856888889	124 53 230
0.1856888889	6 7 3182
0.1856888889	6 7 1848
0.1856888889	111 27 25
0.1856888889	2529 122 5
0.1856888889	406 3 364
0.1856888889	2 25 1229
0.1856888889	406 3 481
0.1856888889	2 25 367
0.1856888889	36060 3 2153
0.1856888889	0 25 6
0.1856888889	24 25 1341
0.1856888889	24 25 3204
0.1856888889	2293 6 7
0.1856888889	63 6 24
0.1856888889	5 25 6
0.1856888889	33374 3604 3
0.1856888889	63 25 6
0.1856888889	25 2298 2411
0.1856888889	37 25 32
0.1856888889	7 6 7
0.1856888889	24954 10721 3069
0.1856888889	0 2 25
0.1856888889	3069 6 7
0.1856888889	0 2 6
0.1856888889	3139 437 3140
0.1856888889	0 97 52
0.1856888889	2692 894 24934
0.1856888889	1942 1943
0.1856888889	9483 9484
0.1856888889	1518 1171
0.1856888889	1632 1525
0.1856888889	68 353
0.1856888889	4812 8564
0.1856888889	4812 8277
0.1856888889	648 353
0.1856888889	7897 3529
0.1856888889	7897 1173
0.1856888889	10730 2787
0.1856888889	16451 3529
0.1856888889	24936 24937
0.1856888889	1648 353
0.1856888889	195 3611
0.1856888889	296 1372
0.1856888889	851 149
0.1856888889	1773 1774
0.1856888889	4045 3322
0.1856888889	1542 1543
0.1856888889	2992 2947
0.1856888889	1348 1349
0.1856888889	2206 2207
0.1856888889	33 97
0.1856888889	33 1448
0.1856888889	8864 3065
0.1856888889	204 149
0.1856888889	3344 8863
0.1856888889	8362 3674
0.1856888889	377 3679 377 3680 3681
0.1856888889	1966 2360 24940 3069 24941
0.1856888889	124 53 3620 1355
0.1856888889	6 50552 14725
0.1856888889	76 25 6
0.1856888889	124 53 260
0.1856888889	6 7 1824
0.1856888889	6 7 377
0.1856888889	24 25 6
0.1856888889	24 25 3270
0.1856888889	8 8801 2987
0.1856888889	25 95 27
0.1856888889	15 360 27
0.1856888889	8859 377 1211
0.1856888889	406 6 7
0.1856888889	52 221 1616
0.1856888889	74 25 6
0.1856888889	15 25 6
0.1856888889	2440 561
0.1856888889	141 3178
0.1856888889	3528 3529
0.1856888889	3790 3791
0.1856888889	2548 2263
0.1856888889	1773 4207
0.1856888889	204 1648
0.1856888889	2836 1372
0.1846888889	8206 27 1680 1527 1109 8257 124
0.1846888889	763 1356 2 4656 6067 24
0.1846888889	2013 160 145 3441 25
0.1846888889	53 1918 27 25
0.1846888889	37 25 2587 27
0.1846888889	37 25 1827 27
0.1846888889	0 37 25
0.1846888889	7 2 25
0.1846888889	124 53 0
0.1846888889	124 2 25
0.1846888889	6 7 25
0.1846888889	6 7 2
0.1846888889	6 7 159
0.1846888889	6 7 203
0.1846888889	6 7 5
0.1846888889	2 6 159
0.1846888889	1687 124 1166
0.1846888889	2 7690 24
0.1846888889	334 27 25
0.1846888889	308 6 15
0.1846888889	1556 124 53
0.1846888889	24 6 15
0.1846888889	7 37 25
0.1846888889	6 15 25
0.1846888889	25 102 27
0.1846888889	378 124 53
0.1846888889	6 159 25
0.1846888889	0 0 2
0.1846888889	15 159 25
0.1846888889	7 6 15
0.1846888889	6 24 25
0.1846888889	27 6 52
0.1846888889	880 277 2
0.1846888889	53 2768 27
0.1846888889	25 334
0.1846888889	47 15
0.1846888889	1611 2 25 6 449 27 3
0.1846888889	6 7 33
0.1846888889	52 371 159
0.1846888889	2 6 15
0.1846888889	2 6 24
0.1846888889	2 6 0
0.1846888889	25 3854 27
0.1846888889	53 1260 27
0.1846888889	1593 24 5
0.1846888889	25 6 15
0.1846888889	25 6 27
0.1846888889	7 159 25
0.1846888889	0 0 25
0.1846888889	15 6 24
0.1846888889	15 37 25
0.1846888889	27 6 15
0.1846888889	7 15 25
0.1832888889	5914 0
0.1826888889	25 20
0.1826888889	24 3175
0.1826888889	25 3854
0.1826888889	25 10885
0.1826888889	27 1642
0.1826888889	6 1164
0.1826888889	25 83
0.1826888889	25 1571
0.1826888889	2298 6
0.1826888889	15 3175
0.1825309942	3 7 1848
0.1816888889	306 2
0.1816888889	384 27
0.1816888889	47 27
0.1816888889	2009 2
0.1816888889	1164 2
0.1816888889	1556 2
0.1816888889	679 2
0.1806888889	53 449
0.1806888889	53 1402
0.1806888889	50 6
0.1806888889	25 3190
0.1806888889	15 1682
0.1806888889	6 406
0.1796888889	29 124
0.1796888889	334 159
0.1796888889	1527 2
0.1796888889	546 159
0.1796888889	0 596
0.1796888889	2023 2
0.1795309942	3 7 588
0.1786888889	2358 2 6 7
0.1786888889	53 4934
0.1786888889	25 2587
0.1786888889	25 3454
0.1786888889	25 1242
0.1786888889	25 512
0.1786888889	2 1598
0.1786888889	2 7690
0.1786888889	7 9617
0.1786888889	1900 2 6 7
0.1786888889	1164 2 6 7
0.1786888889	25 3150
0.1785309942	3 7 377 1027 47
0.1776888889	25 3 7 6
0.1776888889	37 3 50
0.1776888889	24 3 50
0.1776888889	1632 1527 406
0.1776888889	25 743
0.1776888889	1117 27
0.1776888889	308 6
0.1776888889	449 2
0.1776888889	743 2
0.1776888889	1790 63
0.1776888889	814 2
0.1776888889	1979 27
0.1776888889	3454 27
0.1776888889	159 3 50
0.1776888889	2740 2
0.1776888889	1571 27
0.1776888889	1106 37
0.1776888889	581 2
0.1776888889	1792 2
0.1775309942	3 7 377 3703 0
0.1775309942	3 7 377 1027
0.1766888889	449 159
0.1766888889	625 2
0.1766888889	378 2 6 7 3
0.1766888889	128 2
0.1766888889	2013 2
0.1765309942	3 7 377 1027 894
0.1765309942	3 449 27 6
0.1756888889	378 2 6 7
0.1756888889	378 2 25 6 449 27 3
0.1756888889	2 25 6 449
0.1756888889	378 2 3 50
0.1746888889	412 2 25 6 449 27 3
0.1746888889	1537 27 3
0.1746888889	2 3175 3
0.1746888889	6 384 27
0.1746888889	2 25 6 7
0.1746888889	2 6 7 53
0.1746888889	47 27 3
0.1746888889	7 33 29
0.1746888889	449 27 3
0.1746888889	377 1027 0
0.1746888889	29 1900
0.1736888889	27 3 7 1824
0.1736888889	558 27 3
0.1736888889	27 3175 3
0.1736888889	2 1642 3
0.1736888889	29 52 371
0.1735309942	3 7 377 1027 1028
0.1726888889	1611 2 25 6 449 27
0.1726888889	1571 27 3
0.1726888889	124 412 2
0.1725309942	3 7 1824 0
0.1716888889	27 25 47 27 3
0.1716888889	683 2 6
0.1716888889	37 6 95
0.1716888889	8295 8296
0.1716888889	159 6
0.1716888889	203 618
0.1716888889	412 2 25 6
0.1716888889	412 2 6 7
0.1716888889	52 371 2 3
0.1716888889	412 2 6
0.1716888889	25 3 1571
0.1716888889	1611 2 6
0.1716888889	6 1632 1527
0.1716888889	1557 181
0.1706888889	378 2 25 6 449 27
0.1706888889	99 25 47 27
0.1706888889	124 412 2 25
0.1706888889	2 3 7 1824
0.1706888889	2155 2832 0
0.1706888889	1057 24 25
0.1706888889	0 25 384
0.1706888889	2 6 7 3 7 377 1027
0.1706888889	25 6 558 27 3
0.1706888889	2 25 449 27 6
0.1706888889	25 6 128 27 3
0.1706888889	15 452 453 2
0.1706888889	159 25 6 27
0.1706888889	6 558 27 3
0.1706888889	452 453 2 25
0.1706888889	27 25 47 27
0.1706888889	126 2 6
0.1706888889	25 6 128
0.1706888889	25 6 449
0.1706888889	378 2 6
0.1706888889	449 27 6
0.1706888889	205 2 6
0.1706888889	1632 1515
0.1696888889	25 6 449 27 3
0.1696888889	2 3 7 377 1027
0.1696888889	6 124 53 449 2
0.1696888889	2 25 1571 27
0.1696888889	25 47 27
0.1696888889	15 452 453
0.1696888889	15 581 2
0.1696888889	53 378
0.1696888889	25 266
0.1696888889	25 354
0.1696888889	25 384
0.1696888889	25 2846
0.1696888889	6 384
0.1696888889	2 1966
0.1696888889	15 832
0.1696888889	52 371 15 581 2
0.1696888889	449 27 6 7
0.1696888889	377 3703 0
0.1696888889	378 2 25
0.1696888889	25 1571 27
0.1696888889	1514 2358
0.1696888889	15 1057
0.1690000000	27 1643 3
0.1686888889	2 25 377 1027 47 1571 27 3
0.1686888889	412 2 25 6 449 27
0.1686888889	56 743 2 6 7
0.1686888889	159 25 1557 3099
0.1686888889	1057 24 6 7
0.1686888889	2 25 6 2
0.1686888889	37 25 3854
0.1686888889	306 27
0.1686888889	1611 159
0.1686888889	126 2
0.1686888889	7 53
0.1686888889	2666 2
0.1686888889	25 3975 3 1969
0.1686888889	6 124 53 449
0.1686888889	124 53 449
0.1686888889	6 15 1642
0.1686888889	384 2
0.1686888889	0 5
0.1676888889	452 453 2 25 6 449 27
0.1676888889	7 1824 6 7 3
0.1676888889	1632 1527 2 6 7
0.1676888889	2 25 449 27
0.1676888889	25 6 27 3
0.1676888889	25 10885 27
0.1676888889	5 832 27
0.1676888889	53 1918 27
0.1676888889	25 730 27
0.1676888889	6 7 3 7 1843
0.1676888889	2 25 6 7 3
0.1676888889	6 7 3167
0.1666888889	377 3703 1790 63 6 7 3
0.1666888889	2 6 7 3 7 377 3703
0.1666888889	2 25 6 449 27 1642
0.1666888889	452 453 2 6 7
0.1666888889	7 377 1027 1028 0
0.1666888889	1517 6 1632 1527 2
0.1666888889	128 27 3 7
0.1666888889	1517 6 1632 1527
0.1666888889	25 1117 27
0.1666888889	159 25 512
0.1666888889	7 1824 0
0.1666888889	37 25 1557 3099 8995 2358 2 6 7
0.1666888889	377 1027 1028 6 7 3
0.1666888889	52 371 2 6 7
0.1666888889	37 6 5610 2
0.1666888889	52 371 15 581
0.1666888889	52 581 2
0.1666888889	124 1992 99
0.1666888889	371 15 581
0.1666888889	378 159 25
0.1666888889	6 33374 3604
0.1660000000	2 25 449
0.1660000000	377 3703 6
0.1656888889	449 27 3 7 377 1027 1028
0.1656888889	306 27 25 377 1027 47 10161
0.1656888889	2 25 6 128 27
0.1656888889	37 3191 8657 3996
0.1656888889	25 6 27 1643
0.1656888889	25 3 7 10531
0.1656888889	7 377 1027 1028
0.1656888889	15 6 1537 27
0.1656888889	3191 9692 6 1164 2
0.1656888889	10161 412 37 25 3854
0.1656888889	0 29 452 453
0.1656888889	3191 8657 3996 1556
0.1656888889	53 230 9484 306
0.1656888889	124 53 449 2
0.1650000000	2 25 47 27
0.1650000000	6 1632 1527 2
0.1646888889	7 377 3703 0
0.1646888889	1642 2298 3099
0.1646888889	124 53 334 159
0.1646888889	377 1027 1028 0
0.1646888889	25 3164 27
0.1640000000	15 581 2 25
0.1640000000	371 159 25
0.1620000000	1790 63 6 7
0.1620000000	1527 412 2
0.1620000000	25 8295 8296
0.1610000000	27 25 377 1027 47
0.1610000000	6 558 27 3 7
0.1610000000	7 377 1027 1028 6
0.1610000000	37 6 1632 1527
0.1610000000	6 128 27 3
0.1610000000	53 449 2 3
0.1610000000	452 453 2 6
0.1610000000	52 371 2 6
0.1610000000	1632 1527 2 6
0.1610000000	6 384 27 3
0.1610000000	159 25 2298 3099
0.1610000000	25 375 1057
0.1610000000	2 25 47
0.1610000000	6 449 27
0.1610000000	53 334 159
0.1610000000	25 1557 3099
0.1610000000	53 449 27
0.1610000000	1356 2 6
0.1610000000	27 3 2
0.1610000000	15 52 1905
0.1600000000	24 25 6 449 27
0.1600000000	2 25 3 449 27
0.1600000000	2 25 6 384 27
0.1600000000	25 6 558 27
0.1600000000	25 6 128 27
0.1600000000	25 6 449 2
0.1600000000	25 6 449 27
0.1600000000	25 6 2411 2
0.1600000000	27 25 1571 27
0.1600000000	25 3 449 27
0.1600000000	37 6 95 2
0.1600000000	126 2 25
0.1600000000	6 449 2
0.1600000000	6 95 2
0.1600000000	53 449 2
0.1600000000	1356 2 25
0.1600000000	25 2298 3099
0.1600000000	37 25 2587
0.1600000000	27 3 15
0.1600000000	159 6 2
0.1600000000	205 2 25
0.1590000000	2 25 377 1027 47 1571 27
0.1590000000	2133 2 25
0.1580000000	15 452 453 2 25
0.1580000000	52 371 2 25
0.0521309942	3 7 16037
0.0521309942	3 7 16037 5914
0.0492888889	5912 1800
0.0482888889	5914 0 5914 0 5914 0 5914 0 5914
0.0482888889	27 3 2 25 6 3578 5049
0.0482888889	31896 6 21009
0.0482888889	25 3 15
0.0479777778	6 3578
0.0469777778	4887 27
0.0449777778	31896 6
0.0449777778	6 21009
0.0442198830	3 7 273
0.0432888889	6 3578 5049
0.0412888889	6 21009 32004 3 7 16037
0.0402198830	3 7 23191
0.0395309942	3 76 56
0.0392198830	3 7 3881
0.0392198830	3 7 24430
0.0383777778	3099 27 3
0.0382888889	5914 31896 6 21009 32004 3 7 16037 5914
0.0382888889	0 5914 0 5914 0 5914 0 5914 0
0.0382888889	6 21009 32004 3 7 16037 5914
0.0382888889	6 21009 2 3
0.0382888889	5914 0 5914
0.0382198830	3 7 21125
0.0382198830	3 7 9617
0.0375309942	3 2 25 6
0.0372198830	3 7 10921
0.0372198830	3 7 3139
0.0372198830	3 7 4320
0.0372198830	3 7 12853
0.0363777778	1537 2 3
0.0363777778	25 3 230
0.0363777778	2 3 194
0.0363777778	683 2 3
0.0363777778	334 2 3
0.0363777778	1527 2 3
0.0363777778	959 27 3
0.0363777778	97 124
0.0363777778	25 959
0.0355309942	3 33 29
0.0355309942	3 596 25
0.0353777778	1164 2 3
0.0353777778	2 3 1575
0.0353777778	10885 27 3
0.0353777778	349 27 3
0.0353777778	711 159
0.0353777778	126 37
0.0353777778	74 56
0.0353777778	297 52
0.0353777778	15 38
0.0352198830	3 7 20683
0.0352198830	3 7 1752
0.0343777778	711 2 3
0.0343777778	10024 99
0.0343777778	3976 378
0.0333777778	1611 2 6 7 3
0.0333777778	1556 2 25 6
0.0333777778	205 2 25 6
0.0333777778	625 2 6 7
0.0333777778	2 3 7 203
0.0333777778	126 2 6 7
0.0333777778	2 3 7 4344
0.0333777778	25 3 2411
0.0333777778	52 30
0.0333777778	52 1406
0.0333777778	25 496
0.0333777778	29 648
0.0333777778	29 30
0.0333777778	306 63
0.0333777778	463 53
0.0333777778	221 1616
0.0333777778	1611 308
0.0333777778	1992 99
0.0333777778	68 38
0.0333777778	145 21
0.0333777778	145 52
0.0333777778	145 97
0.0333777778	145 29
0.0333777778	76 221
0.0333777778	74 38
0.0333777778	74 641
0.0333777778	1644 74
0.0333777778	297 21
0.0333777778	378 58
0.0333777778	378 306
0.0333777778	5 97
0.0333777778	203 68
0.0333777778	203 21
0.0333777778	203 29
0.0333777778	1556 1611
0.0333777778	1057 63
0.0323777778	743 2 6 7 3 7
0.0323777778	412 2 6 7 3 7
0.0323777778	1164 2 6 7 3
0.0323777778	1900 2 6 7 3
0.0323777778	412 2 3 7
0.0323777778	449 2 3 7
0.0323777778	1537 27 6 7
0.0323777778	2133 2 25 6
0.0323777778	371 159 25 6
0.0323777778	1979 27 3
0.0323777778	8995 2358
0.0323777778	1969 306
0.0323777778	29 562
0.0323777778	29 385
0.0323777778	561 1166
0.0323777778	221 260
0.0323777778	165 743
0.0323777778	3996 1556
0.0323777778	1448 1057
0.0323777778	69 375
0.0323777778	260 126
0.0323777778	8296 306
0.0323777778	2298 2411
0.0323777778	2298 2463
0.0323777778	126 412
0.0323777778	438 1057
0.0323777778	78 378
0.0323777778	1644 99
0.0323777778	212 56
0.0323777778	384 618
0.0323777778	378 334
0.0323777778	815 74
0.0323777778	33 56
0.0323777778	1134 743
0.0323777778	203 1406
0.0323777778	1556 412
0.0323777778	19 1537
0.0322198830	3 7 4313
0.0316888889	5 25 3
0.0313777778	371 2 6 7 3 7
0.0313777778	412 2 6 7 3
0.0313777778	6 7 3 209
0.0313777778	1966 3099
0.0313777778	25 8295
0.0313777778	21 2149
0.0313777778	10161 412
0.0313777778	3140 5
0.0313777778	2529 122
0.0313777778	1644 5
0.0313777778	118 378
0.0313777778	216 16437
0.0313777778	203 204
0.0313777778	5610 2 6 7 3
0.0313777778	1356 2 6 7 3
0.0313777778	2440 124
0.0313777778	3620 1355
0.0313777778	145 204
0.0313777778	3310 99
0.0305309942	3 2 377 1027
0.0303777778	25 377 1027 47 10161
0.0303777778	2133 2 6 7 3
0.0303777778	2 3 7 9418
0.0303777778	1727 25
0.0303777778	1966 2360
0.0303777778	25 716
0.0303777778	25 449
0.0303777778	25 2931
0.0303777778	25 2470
0.0303777778	25 1316
0.0303777778	25 348
0.0303777778	25 4305
0.0303777778	25 1634
0.0303777778	27 56
0.0303777778	25 1090
0.0303777778	24 38
0.0303777778	25 3975
0.0303777778	25 367
0.0303777778	8126 532
0.0303777778	716 25
0.0303777778	1527 27
0.0303777778	872 25
0.0303777778	3293 24
0.0303777778	378 3147
0.0303777778	1591 0
0.0303777778	95 27
0.0303777778	2 2072
0.0303777778	2 66
0.0303777778	0 56
0.0303777778	2 501
0.0303777778	2 1666
0.0303777778	2 373
0.0303777778	8570 25
0.0303777778	207 53
0.0303777778	15 1517
0.0303777778	711 2 6 7 3
0.0303777778	25 2544
0.0303777778	25 709
0.0303777778	262 25
0.0303777778	15 1245
0.0293777778	581 2 6 7 3
0.0293777778	6 7 3 364
0.0293777778	1643 3 7
0.0293777778	1675 3 7
0.0293777778	1517 6
0.0293777778	1260 27
0.0293777778	221 1594
0.0293777778	221 8034
0.0293777778	3097 27
0.0293777778	1900 2
0.0293777778	2846 27
0.0293777778	4057 2
0.0293777778	2363 24938
0.0293777778	2298 2338
0.0293777778	2298 3099
0.0293777778	4158 159
0.0293777778	377 3679
0.0293777778	2 3167
0.0293777778	2063 2
0.0293777778	2440 21
0.0293777778	618 25
0.0293777778	743 9453
0.0293777778	24940 3069
0.0293777778	2888 5
0.0293777778	38 3148
0.0293777778	1557 3099
0.0283777778	52 815
0.0283777778	1969 15
0.0283777778	53 1501
0.0283777778	53 1081
0.0283777778	53 592
0.0283777778	53 10481
0.0283777778	53 205
0.0283777778	7810 24
0.0283777778	53 1007
0.0283777778	53 853
0.0283777778	52 1644
0.0283777778	52 1349
0.0283777778	53 2092
0.0283777778	52 489
0.0283777778	53 260
0.0283777778	53 230
0.0283777778	53 814
0.0283777778	25 4973
0.0283777778	25 1640
0.0283777778	25 4243
0.0283777778	25 1396
0.0283777778	25 2968
0.0283777778	25 2768
0.0283777778	25 2730
0.0283777778	25 2707
0.0283777778	25 3259
0.0283777778	25 3978
0.0283777778	25 276
0.0283777778	25 1598
0.0283777778	25 1229
0.0283777778	25 4515
0.0283777778	24 996
0.0283777778	25 332
0.0283777778	25 3332
0.0283777778	25 1791
0.0283777778	25 2724
0.0283777778	27 295
0.0283777778	25 659
0.0283777778	25 7437
0.0283777778	25 1486
0.0283777778	27 260
0.0283777778	27 2052
0.0283777778	27 1134
0.0283777778	1280 2
0.0283777778	1872 53
0.0283777778	462 37
0.0283777778	1181 24
0.0283777778	306 24
0.0283777778	3899 0
0.0283777778	6090 25
0.0283777778	5917 27
0.0283777778	2338 0
0.0283777778	1617 27
0.0283777778	68 53
0.0283777778	2041 15
0.0283777778	3860 2
0.0283777778	1909 2
0.0283777778	1157 0
0.0283777778	410 2
0.0283777778	6903 27
0.0283777778	151 0
0.0283777778	3921 0
0.0283777778	2181 27
0.0283777778	3140 25
0.0283777778	1406 53
0.0283777778	1255 2
0.0283777778	1898 2
0.0283777778	4039 2
0.0283777778	763 27
0.0283777778	2629 27
0.0283777778	362 27
0.0283777778	112 27
0.0283777778	3203 0
0.0283777778	4849 37
0.0283777778	4553 2
0.0283777778	385 24
0.0283777778	1532 2
0.0283777778	3713 15
0.0283777778	7246 52
0.0283777778	20683 0
0.0283777778	2199 0
0.0283777778	2030 27
0.0283777778	2035 25
0.0283777778	996 25
0.0283777778	6 2411
0.0283777778	6 1377
0.0283777778	6 1405
0.0283777778	6 3595
0.0283777778	6 1809
0.0283777778	2 2100
0.0283777778	5 3751
0.0283777778	2 7996
0.0283777778	2 165
0.0283777778	2 444
0.0283777778	2 585
0.0283777778	0 295
0.0283777778	0 872
0.0283777778	6 334
0.0283777778	2 1800
0.0283777778	2 1687
0.0283777778	2 2319
0.0283777778	2 3636
0.0283777778	6 242
0.0283777778	816 53
0.0283777778	1809 15
0.0283777778	1804 2
0.0283777778	1752 0
0.0283777778	12607 27
0.0283777778	37 56
0.0283777778	2110 2
0.0283777778	82 24
0.0283777778	83 27
0.0283777778	3455 15
0.0283777778	81 99
0.0283777778	401 2
0.0283777778	453 24
0.0283777778	2666 15
0.0283777778	15 367
0.0283777778	2145 24
0.0283777778	3595 0
0.0283777778	15 1003
0.0283777778	16482 0
0.0283777778	25 7650
0.0283777778	25 3037
0.0283777778	25 1616
0.0283777778	25 1505
0.0283777778	755 2
0.0283777778	758 24
0.0283777778	1527 74
0.0283777778	648 53
0.0283777778	1585 27
0.0283777778	366 24
0.0283777778	1091 53
0.0283777778	1679 27
0.0283777778	6 859
0.0283777778	2 3182
0.0283777778	2 1796
0.0283777778	0 595
0.0283777778	2 1643
0.0283777778	2 367
0.0283777778	2 1229
0.0283777778	1396 27
0.0283777778	1740 25
0.0283777778	7843 25
0.0283777778	11 2
0.0282888889	25 4887
0.0276888889	6 7 3 7 159
0.0273777778	3320 27
0.0273777778	53 354
0.0273777778	1962 27
0.0273777778	52 1181
0.0273777778	52 2349
0.0273777778	52 11
0.0273777778	53 700
0.0273777778	1946 24
0.0273777778	25 4578
0.0273777778	24 136
0.0273777778	25 8511
0.0273777778	24 158
0.0273777778	25 1586
0.0273777778	24 381
0.0273777778	25 1572
0.0273777778	25 907
0.0273777778	25 8597
0.0273777778	1519 159
0.0273777778	102 27
0.0273777778	4313 0
0.0273777778	3261 0
0.0273777778	2044 0
0.0273777778	1275 24
0.0273777778	8298 24
0.0273777778	159 1255
0.0273777778	124 815
0.0273777778	1027 47
0.0273777778	124 401
0.0273777778	124 122
0.0273777778	1687 124
0.0273777778	1732 2
0.0273777778	1687 52
0.0273777778	3350 0
0.0273777778	4066 27
0.0273777778	6 481
0.0273777778	1076 63
0.0273777778	1755 27
0.0273777778	407 124
0.0273777778	3590 0
0.0273777778	5476 0
0.0273777778	6 7 3 7 1824
0.0273777778	377 1027 1028
0.0273777778	24 2223
0.0273777778	2440 52
0.0273777778	4575 2
0.0273777778	136 24
0.0273777778	124 554
0.0273777778	286 6
0.0273777778	15 8536
0.0266888889	2 3 37
0.0266888889	1556 2 3
0.0266888889	623 27 3
0.0266888889	378 2 3
0.0263777778	52 4575
0.0263777778	25 14858
0.0263777778	25 4693
0.0263777778	24 72
0.0263777778	24 8747
0.0263777778	4283 0
0.0263777778	2730 74
0.0263777778	16129 0
0.0263777778	122 74
0.0263777778	1893 27
0.0263777778	1088 99
0.0263777778	2593 27
0.0263777778	1565 27
0.0263777778	2626 27
0.0263777778	3191 9692
0.0263777778	480 24
0.0263777778	277 24
0.0263777778	2870 159
0.0263777778	489 99
0.0263777778	4092 2
0.0263777778	5812 37
0.0263777778	6 518
0.0263777778	6 37245
0.0263777778	2349 37
0.0263777778	37 4801
0.0263777778	3386 27
0.0263777778	1313 2
0.0263777778	2987 2343
0.0263777778	953 27
0.0263777778	124 3445
0.0263777778	1459 99
0.0263777778	4559 27
0.0263777778	3309 27
0.0256888889	25 6 449 27 3 7 9418
0.0256888889	7 588 25
0.0256888889	1632 1527 124
0.0255309942	3 7 8170
0.0253777778	6424 37
0.0253777778	1946 99
0.0253777778	52 7335
0.0253777778	1703 24
0.0253777778	1486 24
0.0253777778	8617 63
0.0253777778	15359 27
0.0253777778	52 4372
0.0246888889	25 3975 3
0.0245309942	3 7 16197
0.0243777778	3583 0
0.0243777778	52 277
0.0243777778	5871 76
0.0243777778	631 27
0.0243777778	1573 27
0.0243777778	3876 27
0.0243777778	1342 63
0.0243777778	5685 24
0.0243777778	6 33374
0.0243777778	7 16037
0.0243777778	8206 27
0.0243777778	24 4106
0.0243777778	6067 24
0.0243777778	135 24
0.0243777778	4575 37
0.0243777778	124 3310
0.0243777778	15 8864
0.0236888889	1527 2 6 7 3 7
0.0236888889	378 2 6 7 3 7
0.0236888889	6 7 3 7 33
0.0236888889	1556 2 3 7
0.0236888889	588 25 1537 27
0.0236888889	1790 63 25 6
0.0236888889	27 25 3 1571
0.0236888889	384 2 3 7
0.0236888889	205 2 6 7
0.0236888889	378 2 3 7
0.0236888889	2 3 7 588
0.0236888889	1527 2 3 7
0.0236888889	25 3 234
0.0236888889	25 3 2013
0.0236888889	384 2 3
0.0236888889	0 29 1057
0.0236888889	3975 3 1969
0.0236888889	683 15
0.0236888889	99 56
0.0226888889	27 25 6 449
0.0226888889	205 15
0.0226888889	207 25
0.0216888889	2 25 377 1027 47 1571
0.0216888889	124 53 377 1027 47 2013
0.0216888889	558 27 3 7 377
0.0216888889	623 27 3 15
0.0216888889	37 25 6 1274
0.0216888889	1527 412 2 25
0.0216888889	27 3 7 9617
0.0216888889	27 3 7 1752
0.0216888889	1642 3 7 377
0.0216888889	124 832 27 3
0.0216888889	683 2 6 7
0.0216888889	47 27 3 7
0.0216888889	2 25 3 449
0.0216888889	2 25 6 128
0.0216888889	1611 2 25 6
0.0216888889	7 3 7 15
0.0216888889	126 2 25 6
0.0216888889	306 2 3 7
0.0216888889	679 2 25 6
0.0216888889	412 2 3
0.0216888889	99 25 47
0.0216888889	25 3 10161
0.0216888889	814 2 3
0.0216888889	7 33 991
0.0216888889	97 124 412
0.0216888889	371 2 3
0.0216888889	3191 8657 3996
0.0215309942	3 0 97
0.0215309942	3 0 29
0.0206888889	2 25 6 449 27 3 7 377
0.0206888889	2 25 6 3578
0.0206888889	5610 2 6 7
0.0206888889	2 3 7 377
0.0206888889	25 3 6
0.0206888889	3580 53
0.0206888889	53 3034
0.0206888889	53 2768
0.0206888889	53 1632
0.0206888889	53 126
0.0206888889	53 3781
0.0206888889	3322 15
0.0206888889	25 3178
0.0206888889	25 9085
0.0206888889	25 3457
0.0206888889	25 681
0.0206888889	25 1148
0.0206888889	25 3204
0.0206888889	25 2740
0.0206888889	25 726
0.0206888889	25 51
0.0206888889	25 2705
0.0206888889	25 3175
0.0206888889	25 2206
0.0206888889	25 3857
0.0206888889	25 1843
0.0206888889	25 95
0.0206888889	27 210
0.0206888889	25 2530
0.0206888889	24 165
0.0206888889	25 260
0.0206888889	24 221
0.0206888889	25 1117
0.0206888889	25 730
0.0206888889	24 377
0.0206888889	25 3620
0.0206888889	25 3415
0.0206888889	25 230
0.0206888889	25 3321
0.0206888889	25 1679
0.0206888889	27 1506
0.0206888889	25 1632
0.0206888889	27 671
0.0206888889	462 15
0.0206888889	841 15
0.0206888889	462 2
0.0206888889	463 6
0.0206888889	306 37
0.0206888889	10885 27
0.0206888889	3026 6
0.0206888889	2900 2
0.0206888889	1611 24
0.0206888889	63 377
0.0206888889	449 15
0.0206888889	3099 15
0.0206888889	1155 2
0.0206888889	1150 15
0.0206888889	145 124
0.0206888889	159 56
0.0206888889	963 25
0.0206888889	130 27
0.0206888889	1527 124
0.0206888889	2360 15
0.0206888889	2223 25
0.0206888889	3148 2
0.0206888889	2298 24
0.0206888889	1827 27
0.0206888889	2293 15
0.0206888889	2298 377
0.0206888889	683 27
0.0206888889	74 221
0.0206888889	2766 2
0.0206888889	437 6
0.0206888889	3178 2
0.0206888889	2461 15
0.0206888889	588 6
0.0206888889	179 6
0.0206888889	111 2
0.0206888889	364 15
0.0206888889	478 2
0.0206888889	364 0
0.0206888889	364 2
0.0206888889	2974 27
0.0206888889	4017 2
0.0206888889	47 159
0.0206888889	1843 15
0.0206888889	384 124
0.0206888889	4934 27
0.0206888889	378 24
0.0206888889	2038 15
0.0206888889	3441 25
0.0206888889	991 124
0.0206888889	95 15
0.0206888889	97 24
0.0206888889	378 63
0.0206888889	7 412
0.0206888889	6 1332
0.0206888889	6 3510
0.0206888889	6 1514
0.0206888889	6 648
0.0206888889	6 868
0.0206888889	7 2298
0.0206888889	0 19
0.0206888889	2 1833
0.0206888889	2 1134
0.0206888889	2 3191
0.0206888889	6 3346
0.0206888889	6 22436
0.0206888889	0 1134
0.0206888889	2 4243
0.0206888889	0 332
0.0206888889	2 959
0.0206888889	0 146
0.0206888889	7 97
0.0206888889	37 3191
0.0206888889	37 1134
0.0206888889	1557 6
0.0206888889	1557 99
0.0206888889	205 2
0.0206888889	453 159
0.0206888889	87 6
0.0206888889	679 159
0.0206888889	392 27
0.0206888889	2117 53
0.0206888889	5610 2
0.0206888889	15 8586
0.0206888889	15 1833
0.0206888889	15 618
0.0206888889	15 1197
0.0206888889	2516 15
0.0206888889	15 3460
0.0206888889	15 1356
0.0206888889	2511 2
0.0206888889	3069 15
0.0206000000	25 6 2 3 7
0.0196888889	25 3 1950
0.0196888889	15359 27 3
0.0196888889	126 2 3
0.0196888889	2358 2 3
0.0196888889	5610 2 3
0.0196888889	2411 2 3
0.0196888889	1611 2 3
0.0196888889	95 2 3
0.0196888889	27 3 2517
0.0196888889	1105 2 3
0.0196888889	306 2 3
0.0186888889	1028 6 7 3
0.0186888889	2 3 52
0.0186888889	2 3 24
0.0186888889	10161 412 37
0.0186888889	15 25 3
0.0186888889	27 3 24
0.0186888889	27 3 37
0.0186888889	52 438
0.0186888889	1969 2
0.0186888889	1966 24
0.0186888889	1966 3657
0.0186888889	53 1405
0.0186888889	53 2013
0.0186888889	53 3620
0.0186888889	52 89
0.0186888889	58 6
0.0186888889	52 8126
0.0186888889	25 4543
0.0186888889	25 1341
0.0186888889	25 1642
0.0186888889	25 4149
0.0186888889	25 398
0.0186888889	25 8783
0.0186888889	25 2155
0.0186888889	27 38
0.0186888889	25 375
0.0186888889	25 3583
0.0186888889	25 1930
0.0186888889	24 1792
0.0186888889	25 2666
0.0186888889	25 3943
0.0186888889	25 2171
0.0186888889	25 4559
0.0186888889	25 1910
0.0186888889	25 1773
0.0186888889	25 3323
0.0186888889	25 2844
0.0186888889	27 165
0.0186888889	27 763
0.0186888889	1118 384
0.0186888889	1515 0
0.0186888889	425 5
0.0186888889	2441 2
0.0186888889	3416 15
0.0186888889	63 38
0.0186888889	3026 15
0.0186888889	959 24
0.0186888889	146 27
0.0186888889	1356 159
0.0186888889	548 5
0.0186888889	684 25
0.0186888889	126 159
0.0186888889	432 6
0.0186888889	1255 27
0.0186888889	1088 25
0.0186888889	74 1134
0.0186888889	1930 6
0.0186888889	1574 25
0.0186888889	1644 24
0.0186888889	479 2
0.0186888889	3270 15
0.0186888889	1648 53
0.0186888889	1195 27
0.0186888889	273 52
0.0186888889	9453 37
0.0186888889	371 24
0.0186888889	1598 27
0.0186888889	2 3899
0.0186888889	6 3026
0.0186888889	6 4480
0.0186888889	0 173
0.0186888889	2 1961
0.0186888889	6 16348
0.0186888889	6 1969
0.0186888889	2 1930
0.0186888889	6 2724
0.0186888889	33 25
0.0186888889	2344 377
0.0186888889	32 2
0.0186888889	37 38
0.0186888889	1076 308
0.0186888889	1973 25
0.0186888889	1918 27
0.0186888889	672 2
0.0186888889	1472 15
0.0186888889	205 27
0.0186888889	206 53
0.0186888889	596 53
0.0186888889	402 25
0.0176888889	7 5 425 5
0.0176888889	29 452 453 2
0.0176888889	7 377 1027 894
0.0176888889	1527 2 25 6
0.0176888889	53 334
0.0176888889	53 69
0.0176888889	25 3416
0.0176888889	25 576
0.0176888889	24 56
0.0176888889	25 32
0.0176888889	25 3191
0.0176888889	27 3460
0.0176888889	27 377
0.0176888889	27 311
0.0176888889	894 15
0.0176888889	2041 2
0.0176888889	713 15
0.0176888889	334 15
0.0176888889	1525 15
0.0176888889	1406 159
0.0176888889	768 25
0.0176888889	625 15
0.0176888889	1105 2
0.0176888889	859 25
0.0176888889	588 53
0.0176888889	212 25
0.0176888889	2133 2
0.0176888889	1090 2
0.0176888889	1241 25
0.0176888889	3713 2
0.0176888889	3293 2
0.0176888889	3444 15
0.0176888889	378 37
0.0176888889	3444 2
0.0176888889	7 991
0.0176888889	6 959
0.0176888889	6 306
0.0176888889	6 3350
0.0176888889	6 5610
0.0176888889	6 2013
0.0176888889	6 1556
0.0176888889	6 1527
0.0176888889	7 203
0.0176888889	6 128
0.0176888889	0 641
0.0176888889	0 111
0.0176888889	7 29
0.0176888889	37 221
0.0176888889	37 145
0.0176888889	1557 24
0.0176888889	868 25
0.0176888889	868 15
0.0176888889	15 648
0.0176888889	15 385
0.0176888889	15 165
0.0176888889	15 1134
0.0176888889	15 111
0.0176888889	15 3403
0.0176888889	15 207
0.0176888889	3065 15
0.0175309942	3 2 25
0.0166888889	371 2 25 6 449 27 3
0.0166888889	2 6 7 3 7 377
0.0166888889	2358 2 6 7 3
0.0166888889	6 7 3 7 377
0.0166888889	453 2 6 7 3
0.0166888889	1556 2 6 7 3
0.0166888889	27 3 7 33
0.0166888889	2358 2 3 7
0.0166888889	2358 2 25 6
0.0166888889	581 2 25 6
0.0166888889	2 25 6 558
0.0166888889	51 2 25 6
0.0166888889	371 2 6 7
0.0166888889	371 2 25 6
0.0166888889	6 27 3
0.0166888889	2038 3 7
0.0166888889	27 3 6
0.0166888889	1727 6
0.0166888889	53 4779
0.0166888889	53 2023
0.0166888889	53 743
0.0166888889	51 2
0.0166888889	52 110
0.0166888889	3037 15
0.0166888889	52 122
0.0166888889	53 2931
0.0166888889	52 1057
0.0166888889	53 1918
0.0166888889	53 1396
0.0166888889	9484 306
0.0166888889	25 160
0.0166888889	25 4281
0.0166888889	25 3973
0.0166888889	25 6982
0.0166888889	25 2411
0.0166888889	25 4495
0.0166888889	25 3270
0.0166888889	25 3431
0.0166888889	25 368
0.0166888889	25 2085
0.0166888889	25 3172
0.0166888889	24 1648
0.0166888889	25 2289
0.0166888889	25 3164
0.0166888889	25 327
0.0166888889	25 2548
0.0166888889	24 2666
0.0166888889	25 3401
0.0166888889	25 2313
0.0166888889	20 27
0.0166888889	25 3655
0.0166888889	25 1472
0.0166888889	25 3718
0.0166888889	2449 2
0.0166888889	1638 2
0.0166888889	1984 25
0.0166888889	1519 2
0.0166888889	1517 25
0.0166888889	562 37
0.0166888889	894 377
0.0166888889	306 124
0.0166888889	160 145
0.0166888889	3620 334
0.0166888889	306 52
0.0166888889	3103 2
0.0166888889	3957 2
0.0166888889	9418 0
0.0166888889	2584 27
0.0166888889	2330 25
0.0166888889	1611 124
0.0166888889	63 56
0.0166888889	3657 27
0.0166888889	1900 159
0.0166888889	1905 2
0.0166888889	1500 2
0.0166888889	1905 37
0.0166888889	1150 2
0.0166888889	145 3441
0.0166888889	260 6
0.0166888889	266 2
0.0166888889	1900 37
0.0166888889	266 27
0.0166888889	533 24
0.0166888889	334 37
0.0166888889	334 52
0.0166888889	1155 1556
0.0166888889	1527 37
0.0166888889	1144 2
0.0166888889	641 27
0.0166888889	7690 24
0.0166888889	1527 52
0.0166888889	3529 6
0.0166888889	2846 2
0.0166888889	3529 15
0.0166888889	5796 159
0.0166888889	1824 25
0.0166888889	1824 6
0.0166888889	125 2
0.0166888889	124 5796
0.0166888889	128 52
0.0166888889	1027 2724
0.0166888889	1028 25
0.0166888889	126 124
0.0166888889	683 124
0.0166888889	3178 15
0.0166888889	3178 894
0.0166888889	2768 27
0.0166888889	3854 27
0.0166888889	2237 2
0.0166888889	2013 384
0.0166888889	1585 25
0.0166888889	2594 53
0.0166888889	70 2
0.0166888889	1402 27
0.0166888889	623 1200
0.0166888889	625 27
0.0166888889	625 124
0.0166888889	765 25
0.0166888889	4480 15
0.0166888889	9692 6
0.0166888889	1645 2
0.0166888889	1642 2298
0.0166888889	1106 159
0.0166888889	743 27
0.0166888889	349 2
0.0166888889	210 124
0.0166888889	194 6
0.0166888889	2461 2
0.0166888889	218 25
0.0166888889	1106 2
0.0166888889	730 27
0.0166888889	1936 2
0.0166888889	3204 15
0.0166888889	1848 15
0.0166888889	3510 15
0.0166888889	6982 27
0.0166888889	1242 27
0.0166888889	518 0
0.0166888889	512 27
0.0166888889	230 9484
0.0166888889	4779 27
0.0166888889	230 1632
0.0166888889	3116 2
0.0166888889	385 2
0.0166888889	277 2
0.0166888889	9454 2
0.0166888889	8170 15
0.0166888889	353 53
0.0166888889	2411 2
0.0166888889	2411 24
0.0166888889	1679 2
0.0166888889	2411 15
0.0166888889	2030 2
0.0166888889	354 27
0.0166888889	95 2
0.0166888889	371 159
0.0166888889	21009 2
0.0166888889	7 4313
0.0166888889	7 173
0.0166888889	7 3139
0.0166888889	7 588
0.0166888889	6 18571
0.0166888889	6 1632
0.0166888889	6 763
0.0166888889	6 179
0.0166888889	2 3150
0.0166888889	7 10531
0.0166888889	6 260
0.0166888889	6 2461
0.0166888889	6 10180
0.0166888889	7 1966
0.0166888889	7 1843
0.0166888889	6 16855
0.0166888889	6 1591
0.0166888889	0 2440
0.0166888889	2 533
0.0166888889	7 12853
0.0166888889	7 3881
0.0166888889	2 2666
0.0166888889	2 1914
0.0166888889	6 151
0.0166888889	7 4344
0.0166888889	6 1274
0.0166888889	3150 1557
0.0166888889	3150 2298
0.0166888889	4325 2
0.0166888889	726 2
0.0166888889	815 2
0.0166888889	3152 2
0.0166888889	3404 2
0.0166888889	2343 2
0.0166888889	30 1992
0.0166888889	38 743
0.0166888889	37 623
0.0166888889	81 53
0.0166888889	4243 15
0.0166888889	1556 124
0.0166888889	1372 25
0.0166888889	209 15
0.0166888889	1472 27
0.0166888889	205 124
0.0166888889	209 25
0.0166888889	679 37
0.0166888889	457 53
0.0166888889	2832 0
0.0166888889	392 2
0.0166888889	2832 6
0.0166888889	2832 25
0.0166888889	3346 52
0.0166888889	6274 2
0.0166888889	2149 2
0.0166888889	15 2363
0.0166888889	6837 2
0.0166888889	15 3415
0.0166888889	15 4045
0.0166888889	15 2062
0.0166888889	15 548
0.0166888889	2149 37
0.0166888889	2408 2
0.0146888889	27 3 7 377 1027
0.0146888889	6 7 3 7 2
0.0146888889	6 7 3 7 53
0.0146888889	6 7 3 7 25
0.0146888889	6 7 3 0 6
0.0146888889	63 6 7 3 0
0.0146888889	2 6 7 3 2
0.0146888889	27 6 7 15
0.0146888889	27 1642 3 7
0.0146888889	868 203 618 25
0.0146888889	2 25 6 27
0.0146888889	1632 1527 2 25
0.0146888889	2 6 7 2
0.0146888889	25 32 27
0.0146888889	6 2411 2
0.0146888889	124 53 377
0.0146888889	63 6 2
0.0146888889	27 25 332
0.0146888889	6 1537 27
0.0146888889	384 27 25
0.0146888889	63 25 3
0.0146888889	25 1966 15
0.0146888889	371 2 6
0.0146888889	1900 2 6
0.0146888889	74 25 3
0.0146888889	6 449 27 3 2
0.0146888889	63 6 7 3 25
0.0146888889	27 6 2 3 7
0.0146888889	2 6 7 3 0
0.0146888889	27 3 2013 384
0.0146888889	0 2 25 6
0.0146888889	6 27 3 2
0.0146888889	618 360 27 25
0.0146888889	25 6 7 15
0.0146888889	25 2155 2832 0
0.0146888889	2 6 7 25
0.0146888889	0 412 37 25
0.0146888889	0 2 3
0.0146888889	25 959 15
0.0142888889	0 5914
0.0136888889	2 6 7 3 7 15
0.0136888889	25 3 3452
0.0136888889	2 3 0
0.0136888889	25 3 47
0.0136888889	2 3 159
0.0136888889	25 3 1980
0.0136888889	24 25 3
0.0136888889	384 27 3
0.0136888889	27 3 5
0.0136888889	27 3 76
0.0136888889	27 3 159
0.0136888889	2 3 74
0.0136888889	159 25 3
0.0126888889	378 2 25 6
0.0126888889	2 3 15
0.0125309942	3 15 6
0.0116888889	378 2 3 50 6
0.0116888889	6 7 3 0 97
0.0116888889	6 7 3 0 29
0.0116888889	63 6 7 3 7
0.0116888889	1356 2 25 6
0.0116888889	2 6 7 33
0.0116888889	378 159 25 6
0.0116888889	25 3 128
0.0116888889	25 3 171
0.0116888889	128 27 3
0.0116888889	0 29 124
0.0116888889	0 29 1517
0.0116888889	1611 2 25
0.0116888889	52 25 89
0.0116888889	0 991 124
0.0116888889	412 58
0.0116888889	297 68
0.0116888889	1790 63 6 7 3 0 29
0.0116888889	25 3 449
0.0116888889	27 3 2013
0.0115309942	3 50 6 4480
0.0115309942	3 0 6
0.0115309942	3 1969 306
0.0115309942	3 15 124
0.0106888889	743 2 25 6 449 27
0.0106888889	2 6 7 3 7 33
0.0106888889	1537 27 3 7
0.0106888889	1527 406 3 364
0.0106888889	5 832 27 25
0.0106888889	384 27 3 7
0.0106888889	743 2 25 6
0.0106888889	25 3 1200
0.0106888889	63 6 95
0.0106888889	24 3 6
0.0106888889	1632 1527 412
0.0106888889	872 991
0.0106888889	3608 2293
0.0106888889	273 30
0.0106888889	230 1556
0.0106888889	97 648
0.0106888889	1007 1611
0.0106888889	2292 27 3
0.0106888889	1057 463
0.0106888889	2013 160
0.0105309942	3 7 377 1027 0
0.0105309942	3 7 15 52
0.0105309942	3 194 6
0.0105309942	3 406 6
0.0105309942	3 7 2844
0.0105309942	3 7 4344
0.0096888889	371 2 25 6 449
0.0096888889	27 25 3 1537 27
0.0096888889	2 6 7 1848
0.0096888889	2 3 7 15
0.0096888889	99 25 377
0.0096888889	37 3 6
0.0096888889	1537 27 6
0.0096888889	2 1675 3
0.0096888889	2263 2593 27
0.0096888889	1557 3099 8995
0.0096888889	130 27 3
0.0096888889	0 29 30
0.0096888889	377 1027 2724
0.0096888889	1517 6 1632
0.0096888889	1632 1525 3
0.0096888889	53 558
0.0096888889	56 384
0.0096888889	27 141
0.0096888889	25 4283
0.0096888889	25 3098
0.0096888889	27 1643
0.0096888889	27 3899
0.0096888889	27 4243
0.0096888889	27 1961
0.0096888889	29 68
0.0096888889	27 3175
0.0096888889	27 2666
0.0096888889	27 3182
0.0096888889	27 3713
0.0096888889	561 53
0.0096888889	1448 561
0.0096888889	3098 2
0.0096888889	532 159
0.0096888889	2360 6
0.0096888889	1028 6
0.0096888889	2298 99
0.0096888889	478 25
0.0096888889	476 37
0.0096888889	2463 15
0.0096888889	1843 0
0.0096888889	371 15
0.0096888889	97 204
0.0096888889	375 2
0.0096888889	375 1356
0.0096888889	378 124
0.0096888889	7 221
0.0096888889	7 76
0.0096888889	6 1537
0.0096888889	5 111
0.0096888889	0 412
0.0096888889	2 671
0.0096888889	37 8
0.0096888889	37 377
0.0096888889	1556 24
0.0096888889	453 2
0.0096888889	3455 6
0.0096888889	15 452
0.0096888889	15 5610
0.0096888889	2516 6
0.0096888889	2 3 50 6 449
0.0096888889	6 128 27
0.0096888889	991 1057 24
0.0096888889	52 111
0.0096888889	53 832
0.0096888889	25 141
0.0096888889	25 1255
0.0096888889	25 1833
0.0096888889	27 3167
0.0096888889	25 181
0.0096888889	27 713
0.0096888889	27 3037
0.0096888889	27 7996
0.0096888889	29 207
0.0096888889	9418 6
0.0096888889	1611 306
0.0096888889	1611 334
0.0096888889	2358 2
0.0096888889	149 25
0.0096888889	1027 15
0.0096888889	124 111
0.0096888889	683 47
0.0096888889	872 29
0.0096888889	1405 27
0.0096888889	2879 2
0.0096888889	2038 6
0.0096888889	375 24
0.0096888889	378 159
0.0096888889	6 558
0.0096888889	7 273
0.0096888889	6 162
0.0096888889	2 141
0.0096888889	32 27
0.0096888889	816 56
0.0096888889	30 53
0.0096888889	507 2
0.0096888889	507 27
0.0096888889	15 641
0.0096888889	15 1900
0.0096888889	15 402
0.0096888889	15 141
0.0096888889	15 81
0.0096888889	15 2666
0.0096888889	15 1642
0.0086888889	6 1632 1527 2 3 7
0.0086888889	37 6 2 3 7
0.0086888889	2 6 7 53 449
0.0086888889	27 3 2 25
0.0086888889	3099 27 3 7
0.0086888889	37 3 50 6
0.0086888889	27 3 50 6
0.0086888889	159 25 6 7
0.0086888889	6 2 3 7
0.0086888889	2 6 2 3
0.0086888889	1537 27 6 15
0.0086888889	2 25 6 3261
0.0086888889	27 25 377 1027
0.0086888889	159 6 2 3
0.0086888889	52 111 27 25
0.0086888889	2 3 7 1848
0.0086888889	2 3 7 9617
0.0086888889	52 2149 2
0.0086888889	124 53 3
0.0086888889	52 1106 37
0.0086888889	159 25 3975
0.0086888889	2 25 1557
0.0086888889	2 25 128
0.0086888889	52 111 27
0.0086888889	124 111 27
0.0086888889	0 25 89
0.0086888889	0 25 1274
0.0086888889	1556 15 6
0.0086888889	95 1527 27
0.0086888889	27 25 47
0.0086888889	1166 832 27
0.0086888889	1992 5 53
0.0086888889	25 1642 2298
0.0086888889	1555 679 37
0.0086888889	1555 679 159
0.0086888889	29 1356 2
0.0086888889	29 52 53
0.0086888889	15 56 1803
0.0086888889	0 991 52
0.0086888889	1966 181
0.0086888889	221 128
0.0086888889	8296 2041
0.0086888889	872 97
0.0086888889	38 89
0.0086888889	596 56
0.0086888889	2 3 50 6 4480
0.0086888889	449 27 6 7 3
0.0086888889	6 15 1642 3
0.0086888889	25 6 2 3
0.0086888889	371 15 581 2
0.0086888889	128 27 6
0.0086888889	0 25 306
0.0086888889	25 306 52
0.0086888889	0 29 1900
0.0086888889	27 25 833
0.0086888889	872 29 52
0.0086888889	1445 3604
0.0086888889	311 392
0.0086888889	18571 2358
0.0086888889	3197 471
0.0085309942	3 449 27 6 7
0.0080000000	15 1557 3
0.0080000000	15 1966 3
0.0080000000	15 3 6
0.0080000000	2 3167 3
0.0078421053	3 50 6 2
0.0078421053	3 50 6 15
0.0078421053	3 15 52
0.0076888889	25 377 1027 47 1571 27 3 7
0.0076888889	27 25 377 1027 47 1571 27 3
0.0076888889	581 2 25 6 449 27 3
0.0076888889	6 7 3 7 377 1027 47
0.0076888889	6 7 3 7 377 1027 894
0.0076888889	6 2 3 7 377 3703
0.0076888889	0 412 37 25 3854 27
0.0076888889	2 25 6 7 3 7
0.0076888889	25 6 384 27 3 7
0.0076888889	25 6 449 27 3 7
0.0076888889	25 6 1274 1105 2 3
0.0076888889	306 27 25 377 1027 47
0.0076888889	6 124 53 449 2 25
0.0076888889	27 25 377 1027 47 10161
0.0076888889	3191 9692 6 1164 2 3
0.0076888889	452 453 2 25 6
0.0076888889	1632 1527 2 3 7
0.0076888889	2 25 1571 27 3
0.0076888889	25 6 27 3 7
0.0076888889	25 6 2411 2 3
0.0076888889	25 141 3178 216 2461
0.0076888889	25 3 449 27 6
0.0076888889	449 27 3 7 1824
0.0076888889	97 124 1992 99 25
0.0076888889	15 6 1537 27 3
0.0076888889	2 25 2155 2832 0
0.0076888889	159 25 2298 3099 27
0.0076888889	618 25 3 1537 27
0.0076888889	0 25 384 618
0.0076888889	1571 27 3 7
0.0076888889	2 1642 3 7
0.0076888889	25 375 1057 24
0.0076888889	25 1642 2298 3035
0.0076888889	6 449 27 3
0.0076888889	371 2 3 7
0.0076888889	25 1571 27 3
0.0076888889	25 730 27 25
0.0076888889	52 1905 2 25
0.0076888889	0 29 52 371
0.0076888889	25 1117 27 6
0.0076888889	452 453 159
0.0076888889	1537 27 24928
0.0076888889	1992 99 25
0.0076888889	260 384 124
0.0076888889	1632 1515 0
0.0076888889	868 203 618
0.0076888889	679 2 6
0.0076888889	0 5 53
0.0076888889	230 9484 306
0.0076888889	33 29 1517
0.0076888889	332 27 25
0.0076888889	641 27 25
0.0076888889	2013 27 6
0.0076888889	2 25 260
0.0076888889	2 25 1505
0.0076888889	29 15 56
0.0076888889	0 25 375
0.0076888889	15403 3455 15
0.0076888889	24 25 2155
0.0076888889	334 159 25
0.0076888889	683 27 25
0.0076888889	1792 2 25
0.0076888889	1792 2 6
0.0076888889	3455 6 7
0.0076888889	1556 24 25
0.0076888889	6 1274 1105
0.0076888889	4987 27 25
0.0076888889	124 1905 2
0.0076888889	1405 27 25
0.0076888889	378 24 25
0.0076888889	47 1118 384
0.0076888889	25 6 4480
0.0076888889	25 6 1405
0.0076888889	625 2 25
0.0076888889	230 1632 1527
0.0076888889	128 2 25
0.0076888889	15 6 3346
0.0076888889	25 2974 27
0.0076888889	6 3261 0
0.0076888889	25 384 618
0.0076888889	334 124 53
0.0076888889	29 52 581
0.0076888889	449 2 25
0.0076888889	1106 37 25
0.0076888889	3099 27 25
0.0076888889	25 512 27
0.0076888889	1966 7929
0.0076888889	2724 2773
0.0076888889	221 2009
0.0076888889	3107 3406
0.0076888889	14898 625
0.0076888889	10721 3069
0.0076888889	1616 7853
0.0076888889	1448 1792
0.0076888889	15692 2293
0.0076888889	1833 1922
0.0076888889	1274 1105
0.0076888889	1834 2293
0.0076888889	412 1985
0.0076888889	576 2730
0.0076888889	709 3208
0.0076888889	648 963
0.0076888889	7896 2293
0.0076888889	9808 306
0.0076888889	2298 8539
0.0076888889	2298 3035
0.0076888889	2298 1472
0.0076888889	7929 2293
0.0076888889	216 2461
0.0076888889	179 3140
0.0076888889	368 1527
0.0076888889	2692 894
0.0076888889	3359 126
0.0076888889	47 1118
0.0076888889	384 1574
0.0076888889	230 1527
0.0076888889	991 1517
0.0076888889	3403 3404
0.0076888889	816 8617
0.0076888889	695 12
0.0076888889	1076 432
0.0076888889	1557 2327
0.0076888889	2263 625
0.0076888889	203 1574
0.0076888889	1557 3035
0.0076888889	5051 683
0.0076888889	6274 1527
0.0076888889	4543 1611
0.0076888889	3592 2705
0.0076888889	2 3 7 377 3703 0
0.0076888889	52 371 2 25 6 449
0.0076888889	124 53 334 159 25
0.0076888889	449 27 3 7 9418
0.0076888889	2 6 7 377 1027
0.0076888889	4575 37 3191 8657
0.0076888889	5 832 27 53
0.0076888889	159 25 2587 27
0.0076888889	25 743 27
0.0076888889	25 266 27
0.0076888889	730 27 25
0.0076888889	53 1396 27
0.0076888889	3404 15 6
0.0076888889	181 27 25
0.0076888889	8860 868 203
0.0076888889	25 683 27
0.0076888889	7 33 97
0.0076888889	2 623 27
0.0076888889	2197 24 25
0.0076888889	83 27 25
0.0076888889	25 2298 2463
0.0076888889	2931 260
0.0076888889	1448 1356
0.0076888889	684 19
0.0076888889	78 306
0.0076888889	47 2511
0.0076888889	230 1936
0.0076888889	230 1972
0.0075309942	3 2 377 1027 1028 0
0.0075309942	3 2517 6837 2
0.0075309942	3 518 0
0.0075309942	3 1537 27
0.0075309942	3 47 1118
0.0075309942	3 1575 6
0.0070000000	76 25 3
0.0066888889	2 25 6 449 27 3 7 377 1027
0.0066888889	449 27 3 7 377 1027 894
0.0066888889	3191 8657 3996 1556 2 25 6
0.0066888889	6 449 27 3 7 377 1027
0.0066888889	1632 1527 2 6 7 3
0.0066888889	452 453 2 25 6 449
0.0066888889	25 6 449 27 1643 3
0.0066888889	25 6 558 27 3 7
0.0066888889	377 1027 47 1571 27 3
0.0066888889	360 27 25 3 1537 27
0.0066888889	7 377 3703 1790 63 6
0.0066888889	6 449 27 1643 3
0.0066888889	377 3703 1790 63 6
0.0066888889	25 6 384 27 3
0.0066888889	63 6 1632 1527 2
0.0066888889	25 6 384 27
0.0066888889	25 377 1027 2724
0.0066888889	6 7 3167 3
0.0066888889	24 3 7 33
0.0066888889	2 25 1833 1922
0.0066888889	25 1557 3099 27
0.0066888889	124 111 27 25
0.0066888889	0 29 52 1905
0.0066888889	4575 2 25
0.0066888889	1117 27 6
0.0066888889	29 452 453
0.0066888889	124 53 3620
0.0066888889	1164 2 6
0.0066888889	159 25 1966
0.0066888889	2 25 2298
0.0066888889	1905 2 25
0.0066888889	24 25 1966
0.0066888889	124 815 816
0.0066888889	25 6982 27
0.0066888889	63 6 7
0.0066888889	1527 124 53
0.0066888889	25 6 558
0.0066888889	27 25 2155
0.0066888889	52 1905 37
0.0066888889	15 6 1537
0.0066888889	25 3150 2298
0.0066888889	37 25 181
0.0066888889	625 27 25
0.0066888889	24 2594 53
0.0066888889	673 27 25
0.0066888889	159 6 7
0.0066888889	25 6 449 27 3 7 377 1027 894
0.0066888889	25 6 449 27 1642 3
0.0066888889	2 1914 221 8034
0.0066888889	6 5610 2 3
0.0066888889	7 53 449 2
0.0066888889	377 1027 1028 6
0.0066888889	449 159 25
0.0066888889	1514 2358 2
0.0066888889	25 1827 27
0.0066888889	76 56 375
0.0066888889	58 6 7
0.0066888889	25 1242 27
0.0065309942	3 1537 27 6 7
0.0065309942	3 50 6 3261
0.0065309942	3 50 6 449
0.0065309942	3 6 7
0.0065309942	3 4322 4323
0.0060000000	52 371 15 581 2 25
0.0060000000	6 2 3 7 377 1027
0.0060000000	53 449 2 3 7
0.0060000000	2 377 1027 47 15
0.0060000000	25 3 7 10531 15
0.0060000000	27 25 6 449 27
0.0060000000	25 3 1537 27 6
0.0060000000	27 25 6 2411
0.0060000000	27 3 15 25
0.0060000000	449 27 3 15
0.0060000000	27 3 7 15
0.0060000000	27 6 2 3
0.0060000000	1571 27 3 2
0.0060000000	122 5 25 6
0.0060000000	377 3703 0 25
0.0060000000	24 3 50 6
0.0060000000	15 6 2 3
0.0060000000	1295 2 25
0.0060000000	711 2 25
0.0060000000	1164 2 25
0.0060000000	53 378 2
0.0060000000	2358 2 6
0.0060000000	0 596 25
0.0060000000	25 6 3578
0.0060000000	27 25 150
0.0060000000	453 159 25
0.0060000000	27 25 377
0.0060000000	0 0 97
0.0060000000	378 15 6
0.0060000000	0 0 29
0.0060000000	2740 2 25
0.0060000000	1966 27 25
0.0060000000	1527 2 25
0.0060000000	6 1611 15
0.0060000000	2298 27 25
0.0060000000	1134 743 2
0.0058421053	3 2 377 1027 894
0.0056888889	449 27 3 2 377 1027 1028
0.0056888889	10161 412 37 25 3854 27
0.0056888889	25 3 1537 27 6 7
0.0056888889	2 25 6 27 3 7
0.0056888889	51 2 25 6 449 27
0.0056888889	371 15 581 2 25 6
0.0056888889	412 2 25 6 558 27
0.0056888889	27 25 3 1571 27
0.0056888889	832 27 3 2013 384
0.0056888889	25 3975 3 1969 306
0.0056888889	412 2 25 6 449
0.0056888889	25 6 449 2 3
0.0056888889	2 6 7 3167 3
0.0056888889	412 2 3 50
0.0056888889	159 25 512 27
0.0056888889	6 1164 2 3
0.0056888889	6 7 53 449
0.0056888889	52 1905 37 25
0.0056888889	2 25 3 234
0.0056888889	111 27 25 332
0.0056888889	2330 25 1537 27
0.0056888889	111 27 25 89
0.0056888889	15 52 1905 2
0.0056888889	377 1027 1028 25
0.0056888889	25 3 7 8170
0.0056888889	377 1027 47 3875
0.0056888889	27 377 1027 1028
0.0056888889	25 8295 8296 306
0.0056888889	306 27 25 3
0.0056888889	6 124 832 27
0.0056888889	618 360 27
0.0056888889	1611 159 25
0.0056888889	1245 1057 24
0.0056888889	25 354 27
0.0056888889	124 53 378
0.0056888889	52 410 2
0.0056888889	56 375 1057
0.0056888889	159 25 3150
0.0056888889	24 25 959
0.0056888889	3454 27 6
0.0056888889	141 3178 894
0.0056888889	146 27 25
0.0056888889	25 1229 907
0.0056888889	25 6 10180
0.0056888889	1918 27 25
0.0056888889	25 6 2013
0.0056888889	25 83 27
0.0056888889	1166 122 5
0.0056888889	2298 6 7
0.0056888889	872 991 52
0.0056888889	29 1900 159
0.0056888889	25 20 27
0.0056888889	52 81 2
0.0056888889	52 1088 2
0.0056888889	6 2038 3
0.0056888889	6 1632 1515
0.0056888889	25 1966 3657
0.0056888889	859 6 859
0.0056888889	375 1057 24
0.0056888889	384 124 412
0.0056888889	6223 1030
0.0056888889	15403 3455
0.0056888889	3101 3069
0.0056888889	2274 3455
0.0056888889	1833 2539
0.0056888889	141 3322
0.0056888889	1502 507
0.0056888889	1148 2411
0.0056888889	10531 2360
0.0056888889	1415 3404
0.0056888889	3460 4323
0.0056888889	1093 122
0.0056888889	4095 2463
0.0056888889	230 1502
0.0056888889	3403 1155
0.0056888889	3403 3455
0.0056888889	3401 2411
0.0056888889	8862 2360
0.0056888889	14748 3069
0.0056888889	907 183
0.0056888889	1316 16348
0.0056888889	2517 6837
0.0056888889	2 25 6 449 27 3 7 9418
0.0056888889	2 25 6 449 27 3 7 1824
0.0056888889	1985 25 47
0.0056888889	159 25 2298
0.0056888889	159 25 1557
0.0056888889	1537 4 5
0.0056888889	24 25 2298
0.0056888889	5 111 27
0.0056888889	2583 2584
0.0056888889	681 1150
0.0056888889	2497 1437
0.0056888889	1259 453
0.0056888889	4691 1980
0.0055309942	3 7 588 25 1537 27
0.0055309942	3 7 6 7
0.0055309942	3 7 8170 15
0.0055309942	3 230 1972
0.0055309942	3 681 1150
0.0050000000	37 25 3
0.0048421053	3 0 2
0.0048421053	3 471 27
0.0048421053	3 449 27
0.0048421053	3 159 25
0.0048421053	3 2517 6837
0.0048421053	3 37 25
0.0048421053	3 24 25
0.0046888889	2 6 7 3 7 377 1027 894
0.0046888889	2 6 7 3 7 377 1027 47
0.0046888889	37 3191 8657 3996 1556 2 25 6
0.0046888889	15359 27 3 2517 6837 2 6
0.0046888889	6 558 27 3 7 377 1027
0.0046888889	2 6 7 3 7 377 1529
0.0046888889	124 53 377 1027 47 2013 160
0.0046888889	37 56 743 2 6 7 3
0.0046888889	25 377 1027 47 1571 27 3
0.0046888889	618 360 27 25 3 1537 27
0.0046888889	15359 27 3 2517 6837 2
0.0046888889	2 25 449 27 6 7
0.0046888889	6 7 3 7 53 449
0.0046888889	6 7 3 7 1824 0
0.0046888889	6 7 3 7 377 3703
0.0046888889	3026 3 7 3139 437 3140
0.0046888889	6 7 3 7 377 1027
0.0046888889	6 7 3 7 377 1529
0.0046888889	2 25 3 449 27 6
0.0046888889	7 97 124 1992 99 25
0.0046888889	25 3 7 10531 15 6
0.0046888889	412 37 25 3854 27
0.0046888889	37 25 1557 3099 8995
0.0046888889	25 1557 3099 8995 2358
0.0046888889	124 53 377 1027 47
0.0046888889	37 6 5610 2 3
0.0046888889	6 1632 1527 2 3
0.0046888889	449 27 2666 2 3
0.0046888889	25 6 27 1643 3
0.0046888889	37 8 8801 2987 2343
0.0046888889	2 25 3 1571 27
0.0046888889	37 6 95 2 3
0.0046888889	1918 27 25 377 1027
0.0046888889	6 1274 1105 2 3
0.0046888889	24940 3069 24941 24942
0.0046888889	7 377 3703 25
0.0046888889	25 1833 1922 1923
0.0046888889	1966 2360 24940 3069
0.0046888889	25 10885 27 3
0.0046888889	25 3164 27 3
0.0046888889	141 3178 216 2461
0.0046888889	6 7 1643 3
0.0046888889	6 7 377 1529
0.0046888889	25 6 27 2666
0.0046888889	53 3620 334 159
0.0046888889	6 7 2 25
0.0046888889	334 159 25 8295
0.0046888889	3528 3529 3527 3069
0.0046888889	6 95 1527 27
0.0046888889	37 25 3854 27
0.0046888889	37 25 9085 9086
0.0046888889	2298 3099 27 3
0.0046888889	25 3 1571 27
0.0046888889	25 3 9483 9484
0.0046888889	29 52 1905 37
0.0046888889	25 3 471 27
0.0046888889	7 53 449 27
0.0046888889	37 25 181 27
0.0046888889	6 95 2 3
0.0046888889	1632 1527 124 53
0.0046888889	3975 3 1969 306
0.0046888889	7 377 1529 2155
0.0046888889	124 53 1918 27
0.0046888889	25 141 3178 216
0.0046888889	24929 3836 27120 24937
0.0046888889	1242 27 25
0.0046888889	53 69 375
0.0046888889	124 53 150
0.0046888889	124 53 3034
0.0046888889	124 53 1501
0.0046888889	1642 2298 3035
0.0046888889	6 7 1843
0.0046888889	6 7 273
0.0046888889	6 7 76
0.0046888889	6 7 221
0.0046888889	8295 8296 306
0.0046888889	5796 159 25
0.0046888889	1241 7810 24
0.0046888889	4578 87 6
0.0046888889	2 533 24
0.0046888889	1027 894 377
0.0046888889	145 1076 308
0.0046888889	24 25 1557
0.0046888889	548 5 53
0.0046888889	24 25 3431
0.0046888889	546 159 24
0.0046888889	561 412 2
0.0046888889	1557 181 306
0.0046888889	25 6 22436
0.0046888889	25 6 3510
0.0046888889	25 6 3350
0.0046888889	2583 2584 27
0.0046888889	25 6 16855
0.0046888889	25 6 1332
0.0046888889	507 27 25
0.0046888889	10023 1155 1556
0.0046888889	37 56 743
0.0046888889	124 743 24
0.0046888889	2360 6 7
0.0046888889	743 9453 37
0.0046888889	52 4575 2
0.0046888889	25 3150 1557
0.0046888889	2 15 402
0.0046888889	2038 6 7
0.0046888889	24953 24929 3836
0.0046888889	37 623 1200
0.0046888889	29 1682 63
0.0046888889	3191 9692 6
0.0046888889	53 4934 27
0.0046888889	1833 1922 1923
0.0046888889	1833 1922 2196
0.0046888889	476 37 623
0.0046888889	205 124 53
0.0046888889	5 6 7
0.0046888889	53 4779 27
0.0046888889	24929 3836
0.0046888889	9085 9086
0.0046888889	2 3 7 24430 6 7 2 25
0.0046888889	25 1537 27 6 7
0.0046888889	6 7 2 3 7
0.0046888889	37 25 6 1274 1105
0.0046888889	2 3 7 24430 6
0.0046888889	37 3191 8657 3996 1556
0.0046888889	6 7 377 1027
0.0046888889	1372 25 3164 27
0.0046888889	37 8 8801
0.0046888889	2 25 3190
0.0046888889	25 3454 27
0.0046888889	159 25 959
0.0046888889	2 25 4283
0.0046888889	52 8126 532
0.0046888889	124 711 2
0.0046888889	364 124 53
0.0046888889	24 25 3172
0.0046888889	24 25 3583
0.0046888889	3150 2298 3099
0.0046888889	24 25 4495
0.0046888889	588 6 7
0.0046888889	4323 681 1150
0.0046888889	2516 6 7
0.0046888889	29 124 4575
0.0046888889	53 1402 27
0.0046888889	4045 3590
0.0040000000	2 3 7 24430 6 7
0.0040000000	7 3 7 53
0.0040000000	25 6 3578 5049
0.0040000000	2 3 2
0.0040000000	0 25 3
0.0040000000	2 1598 3
0.0040000000	25 1966 3
0.0040000000	2 1966 3
0.0038421053	3 2517 6837 2 6
0.0038421053	3 7 2 377 1027
0.0038421053	3 7 37 25
0.0038421053	3 7 6 15
0.0038421053	3 7 2 25
0.0038421053	3 7 1824 6
0.0038421053	3 7 588 25
0.0038421053	3 0 25
0.0030000000	6 7 3 1790 63 6 7 3 0
0.0030000000	25 6 558 27 3 7 377
0.0030000000	6 7 3 0 0
0.0030000000	6 7 3 0 25
0.0030000000	24 25 6 449
0.0030000000	37 56 743 2
0.0030000000	25 1537 27 6
0.0030000000	2 25 6 15
0.0030000000	25 2846 27
0.0030000000	27 1966 3
0.0030000000	206 25 6
0.0030000000	24 3 2
0.0030000000	7 203 52
0.0030000000	15 6 1611
0.0030000000	6 1611 2
0.0028421053	3 7 15 25
0.0028421053	3 7 24430 6
0.0028421053	3 6 15
0.0028421053	3 15 25
0.0020000000	27 3 7 377 1027 1028 6 7 3
0.0020000000	2 6 7 3 7 377 3703 0
0.0020000000	25 6 449 27 3 7 377 1027
0.0020000000	27 3 7 377 1027 1028 0
0.0020000000	371 2 6 7 3 7 377
0.0020000000	6 7 3 6 7 3 0
0.0020000000	6 7 3 7 377 3703 0
0.0020000000	27 3 2 377 1027 1028
0.0020000000	24 25 6 449 27 3
0.0020000000	27 3 7 377 1027 894
0.0020000000	2 6 7 3 7 2
0.0020000000	6 449 27 3 7 1824
0.0020000000	15 452 453 2 25 6
0.0020000000	6 449 27 3 7 9418
0.0020000000	2 25 6 449 2
0.0020000000	2 6 2 3 7
0.0020000000	15 452 453 2 6
0.0020000000	6 449 27 3 7
0.0020000000	25 3 7 6 15
0.0020000000	25 6 27 3 2
0.0020000000	2 25 6 2 3
0.0020000000	15 581 2 25 6
0.0020000000	124 53 449 2 25
0.0020000000	25 449 27 6 7
0.0020000000	25 6 449 27 1642
0.0020000000	25 6 558 27 25
0.0020000000	27 25 1571 27 3
0.0020000000	6 7 3 7 15
0.0020000000	377 1027 1028 6 7
0.0020000000	6 7 3 0 2
0.0020000000	2 25 6 3578 5049
0.0020000000	37 6 1632 1527 2
0.0020000000	2 25 6 27 1643
0.0020000000	52 371 2 25 6
0.0020000000	6 128 27 3 7
0.0020000000	2 3 7 33 29
0.0020000000	378 2 25 6 449
0.0020000000	6 384 27 3 7
0.0020000000	3996 1556 2 25 6
0.0020000000	37 56 743 2 6
0.0020000000	124 412 2 25 6
0.0020000000	2 25 377 1027 47
0.0020000000	2 6 7 3 15
0.0020000000	371 15 581 2 25
0.0020000000	25 6 1274 1105 2
0.0020000000	27 3 7 1824 6
0.0020000000	63 25 6 7 3
0.0020000000	1642 3 7 377 1027
0.0020000000	27 25 6 7
0.0020000000	24 6 2 3
0.0020000000	2 623 27 3
0.0020000000	97 124 1992 99
0.0020000000	6 27 1643 3
0.0020000000	6 27 3 7
0.0020000000	56 743 2 6
0.0020000000	63 6 1632 1527
0.0020000000	27 3 7 588
0.0020000000	27 3 7 2
0.0020000000	27 3 7 1848
0.0020000000	27 3 7 25
0.0020000000	27 3 7 203
0.0020000000	53 334 159 25
0.0020000000	25 2298 3099 27
0.0020000000	124 412 2 6
0.0020000000	97 124 412 2
0.0020000000	97 124 412 37
0.0020000000	159 25 6 2
0.0020000000	124 5796 159 25
0.0020000000	1057 24 25 6
0.0020000000	6 2 3 15
0.0020000000	2 25 377 1027
0.0020000000	27 1643 3 7
0.0020000000	2 3 2 25
0.0020000000	53 449 2 25
0.0020000000	6 7 2 3
0.0020000000	0 2 3 7
0.0020000000	37 8 8801 2987
0.0020000000	53 449 27 3
0.0020000000	47 27 3 2
0.0020000000	832 27 25 6
0.0020000000	832 27 25 3
0.0020000000	15 581 2 6
0.0020000000	1632 1527 2 3
0.0020000000	37 25 1557 3099
0.0020000000	6 2411 2 3
0.0020000000	25 6 1274 1105
0.0020000000	6 7 15 25
0.0020000000	25 449 27 6
0.0020000000	25 6982 27 25
0.0020000000	2 3 7 25
0.0020000000	2 6 7 15
0.0020000000	25 3191 9692 6
0.0020000000	449 27 1642 3
0.0020000000	6 449 2 3
0.0020000000	679 2 25
0.0020000000	56 743 2
0.0020000000	37 3191 8657
0.0020000000	9484 306 2
0.0020000000	58 25 6
0.0020000000	124 53 1918
0.0020000000	12 25 6
0.0020000000	124 4575 37
0.0020000000	2133 2 6
0.0020000000	711 2 6
0.0020000000	1985 25 6
0.0020000000	52 412 2
0.0020000000	25 334 124
0.0020000000	3854 27 6
0.0020000000	2013 2 25
0.0020000000	159 25 8295
0.0020000000	453 2 25
0.0020000000	2 25 377
0.0020000000	2 25 1966
0.0020000000	453 2 6
0.0020000000	2 25 2155
0.0020000000	2 25 1833
0.0020000000	25 181 27
0.0020000000	25 1028 0
0.0020000000	25 449 27
0.0020000000	128 27 25
0.0020000000	124 1166 25
0.0020000000	2358 2 25
0.0020000000	1284 25 6
0.0020000000	24 25 377
0.0020000000	24 25 47
0.0020000000	5610 2 6
0.0020000000	6 124 25
0.0020000000	2009 2 6
0.0020000000	47 2 25
0.0020000000	7 1843 0
0.0020000000	581 2 25
0.0020000000	581 2 6
0.0020000000	1556 2 6
0.0020000000	384 2 25
0.0020000000	1900 37 25
0.0020000000	1557 27 25
0.0020000000	1556 2 25
0.0020000000	1456 2 25
0.0020000000	1028 0 25
0.0020000000	3996 1556 2
0.0020000000	27 2666 2
0.0020000000	623 27 25
0.0020000000	25 6 3261
0.0020000000	25 6 1274
0.0020000000	2063 2 6
0.0020000000	1557 3099 27
0.0020000000	25 6 384
0.0020000000	25 6 1809
0.0020000000	3178 216 2461
0.0020000000	27 25 1505
0.0020000000	625 2 6
0.0020000000	0 6 124
0.0020000000	27 25 89
0.0020000000	6 5610 2
0.0020000000	6 1164 2
0.0020000000	2023 2 6
0.0020000000	37 6 5610
0.0020000000	25 1833 1922
0.0020000000	37 6 1632
0.0020000000	24 3 15
0.0020000000	743 2 6
0.0020000000	743 24 25
0.0020000000	25 2298 6
0.0020000000	384 27 6
0.0020000000	1527 2 6
0.0020000000	743 2 25
0.0020000000	51 2 25
0.0020000000	2 1687 124
0.0020000000	449 27 25
0.0020000000	37 25 1557
0.0020000000	384 124 53
0.0020000000	0 2 1914
0.0020000000	37 25 3191
0.0020000000	2298 3099 27
0.0020000000	2298 3099 15
0.0020000000	1274 1105 2
0.0020000000	959 27 25
0.0020000000	1905 37 25
0.0020000000	25 3204 15
0.0020000000	371 2 25
0.0020000000	306 27 25
0.0020000000	0 15359 27
0.0020000000	25 625 27
0.0020000000	25 1274 52
0.0020000000	7 1824 25
0.0020000000	25 9085 9086
