0.9420727782	31 37 45 29
0.9153538240	29 13 45 31 76
0.9153538240	31 13 29 76
0.9153538240	29 13 31 76
0.9153538240	29 37 45 31
0.8802400985	31 26 45 29
0.8764649351	31 76 29 76
0.8764649351	29 76 31 76
0.8289862285	31 37 29 76
0.8081561631	29 37 45 31 76
0.7994824101	31 49 29 76
0.7955805858	365 31 13 29
0.7871425003	31 470 29 76
0.7871425003	881 45 31 76
0.7871425003	29 76 551 31
0.7871425003	492 13 45 29
0.7871425003	492 13 45 31
0.7871425003	881 45 29 76
0.7871425003	31 6 29 76
0.7871425003	31 547 29 76
0.7871425003	29 470 31 76
0.7871425003	29 555 31 76
0.7871425003	76 555 13 45 29
0.7871425003	6 13 31 76
0.7871425003	547 13 31 76
0.7871425003	12 13 29 76
0.7871425003	664 13 31 76
0.7871425003	547 13 29 76
0.7871425003	491 37 45 29
0.7871425003	31 76 29 470
0.7871425003	29 547 31 76
0.7778235460	1002 13 45 416
0.7768235460	2028 29 26 4337
0.7748235460	3448 3449 12770
0.7748235460	7209 8359 2363
0.7748235460	6638 2013
0.7748235460	6612 2592
0.7748235460	3474 3584
0.7748235460	2028 8413 4075 26 4337
0.7748235460	3554 3489 3551
0.7748235460	3367 3275
0.7748235460	839 17315
0.7748235460	7430 2363
0.7748235460	607 2604
0.7748235460	11429 3857
0.7748235460	1189 3260
0.7748235460	21 6848
0.7748235460	9985 1599
0.7748235460	1070 1391
0.7748235460	1807 39808
0.7748235460	5180 1906
0.7748235460	8413 4075
0.7748235460	8359 2363
0.7748235460	496 111
0.7727634559	664 13 29 31
0.7727634559	664 31 13 29
0.7727634559	31 26 29 470
0.7688616315	13 45 31 29 76
0.7688616315	13 29 0 31 76
0.7688616315	0 31 76 29
0.7688616315	0 29 76 31
0.7688616315	41 29 76 31
0.7688616315	13 29 76 31 76
0.7688616315	13 29 31 76
0.7620370934	29 76 45 31
0.7615807245	31 76 26 45
0.7614235460	31 664 29 76
0.7614235460	664 13 29 76
0.7614235460	29 664 31 76
0.7614235460	31 76 6 13 29 76
0.7614235460	664 13 45 29 76
0.7614235460	664 13 45 31 76
0.7614235460	2363 13 45 29 76
0.7614235460	2503 13 29 31
0.7614235460	2503 13 29 76
0.7614235460	29 6 31 76
0.7521045918	2086 365 31 7210 29
0.7521045918	2086 365 29 7210 31
0.7511425003	31 76 551 664 13 29
0.7511425003	31 76 555 13 29
0.7511425003	12 26 6 13 29
0.7511425003	555 13 45 31
0.7511425003	555 13 45 29
0.7511425003	2363 13 45 29
0.7511425003	31 76 555 13 29 76
0.7511425003	29 76 555 13 31
0.7511425003	31 76 12 13 29
0.7511425003	664 26 6 13 31
0.7511425003	664 26 6 13 29
0.7511425003	29 76 547 13 31
0.7511425003	12 26 6 13 31
0.7511425003	2087 13 45 31
0.7511425003	29 111 37 31
0.7511425003	547 13 45 31
0.7511425003	31 76 45 555 13 29
0.7511425003	31 76 551 6 13 29
0.7511425003	31 76 6 13 29
0.7511425003	31 76 547 13 29
0.7511425003	29 76 6 13 31
0.7511425003	31 111 37 29
0.7511425003	2087 13 45 29
0.7491045918	398 255
0.7491045918	12770 1227 3277
0.7491045918	8101 69270
0.7491045918	7 13333
0.7491045918	7 2287
0.7491045918	581 7981
0.7457647225	29 272 13 31
0.7428235460	29 2453 664 31
0.7428235460	31 2453 664 29
0.7418235460	29 111 13 21 26 418 6848 37 31
0.7418235460	31 111 13 21 26 418 6848 37 29
0.7398235460	3467 1044 3708
0.7398235460	3280 1044 3281
0.7398235460	1189 3260 3261
0.7398235460	3360 3458
0.7398235460	111 13 21 26 418 19771
0.7398235460	1227 3277 3280 1044 3281
0.7398235460	29 405 7430 2363
0.7398235460	8413 4075 26 31
0.7398235460	607 2604 26 31
0.7398235460	607 2604 26 29
0.7398235460	133 6554 2044
0.7398235460	3305 3306
0.7398235460	3448 3449
0.7398235460	1227 3277
0.7398235460	1807 39106
0.7398235460	3464 3465
0.7398235460	14059 13709
0.7398235460	3360 3466
0.7398235460	3260 3261
0.7398235460	111 13 21 26 418 9481
0.7398235460	111 13 21 26 418 6848
0.7398235460	46 47 48 7277 532
0.7398235460	405 7430 2363 31
0.7398235460	11510 35248
0.7398235460	14059 13390
0.7398235460	3555 3556
0.7360970644	31 13 29 26
0.7347634559	31 76 664 13 45 29
0.7347634559	31 76 45 664 13 29
0.7347479060	26 31 13 29
0.7347479060	13 29 0 31
0.7347479060	0 29 13 31
0.7347479060	0 31 13 29
0.7299727426	13 45 31 76 29 76
0.7299727426	13 45 29 31 76
0.7299727426	13 45 29 76
0.7299727426	13 45 29 76 31 76
0.7299727426	13 45 31 76
0.7254235460	7210 13 45 31 76 29
0.7254235460	7210 13 45 29 31
0.7254235460	664 13 45 29
0.7254235460	664 13 45 31
0.7254235460	7210 13 45 29 76 31
0.7254235460	7210 13 45 31 29
0.7254235460	31 76 664 13 29
0.7254235460	6 13 29 0 31
0.7254235460	29 76 664 13 31
0.7247612314	29 365 31
0.7247612314	76 45 31
0.7247612314	29 145 31
0.7247612314	31 145 29
0.7200457682	31 26 29 470 2253
0.7190457682	8359 2363 13 45 31
0.7190457682	8359 2363 13 45 29
0.7190457682	14599 13 45 29
0.7161045918	1062 31 1062 45 416
0.7161045918	1062 29 1062 45 416
0.7141045918	7 1044 31 73
0.7141045918	9857 13 3918 31 2965 133 6554 2044
0.7141045918	1062 31 1062 45 416 1837
0.7141045918	7 1044 31 2161
0.7141045918	3841 377 31 76
0.7141045918	3841 377 31
0.7141045918	9857 13 31 2965 133 6554 2044
0.7141045918	1062 29 1062 45 416 1837
0.6980422771	76 45 29
0.6958590172	13 31 0 29
0.6888806717	29 13 45 111
0.6856430681	29 76 105 491
0.6856430681	31 76 45 555
0.6856430681	491 37 31 76
0.6856430681	31 76 105 491
0.6856430681	555 13 31 76
0.6841425003	555 13 29 76
0.6826914450	29 76 31 0
0.6812719526	29 37 31 41
0.6769018916	133 398
0.6769018916	1911 2139
0.6769018916	1911 2730
0.6769018916	3467 1044
0.6769018916	256 88
0.6769018916	133 6554
0.6769018916	7236 623
0.6769018916	1599 2852
0.6769018916	2852 613
0.6659285516	31 13 45 29
0.6659285516	29 13 45 31
0.6659285516	29 26 45 31
0.6659285516	31 26 29
0.6659285516	31 0 31
0.6659285516	31 0 29
0.6659285516	31 41 29
0.6659285516	29 0 29
0.6659285516	31 13 29
0.6659285516	29 76 31
0.6659285516	29 26 31
0.6659285516	31 76 29
0.6658791066	365 45 31 76
0.6658791066	26 29 470 31
0.6658791066	13 31 470 29
0.6658791066	26 31 470 29
0.6658025561	31 76 29 0
0.6652886918	13 31 29 76
0.6652886918	13 31 0 29 76
0.6651617174	2363 13 45 31
0.6651617174	6 13 29 31
0.6619241138	491 37 45 31
0.6584235460	7210 13 45 29 76
0.6584235460	6 13 29 76
0.6584235460	7210 13 45 31 76
0.6535391967	0 31 76 551 6
0.6535391967	26 12 13 29
0.6535391967	37 29 470 31
0.6535391967	22 664 13 29
0.6535391967	365 31 664 29
0.6535391967	365 29 547 31
0.6535391967	551 31 6 29
0.6535391967	37 31 470 29
0.6535391967	551 29 6 31
0.6535391967	551 29 664 31
0.6535391967	22 664 13 31
0.6535391967	365 29 555 31
0.6535391967	61 31 470 29
0.6535391967	365 31 547 29
0.6535391967	145 45 29 76
0.6535391967	87 29 470 31
0.6535391967	87 45 31 76
0.6535391967	13 29 555 31
0.6535391967	61 29 470 31
0.6535391967	26 547 13 29
0.6535391967	551 664 13 31
0.6535391967	551 664 13 29
0.6535391967	49 45 31 76
0.6531829374	749 1281
0.6531829374	2138 12660
0.6531829374	7 1044
0.6531829374	418 2027
0.6531829374	2327 2434
0.6498503078	551 29 2503 31
0.6484524594	29 49 31
0.6459091314	551 664 26 6
0.6449543795	31 76 45 29
0.6391601523	37 45 31 76
0.6388235460	111 13 21 26 418 6848 37 29
0.6388235460	2086 365 29 7210
0.6388235460	2086 365 31 7210
0.6354805120	76 45 555 13
0.6354805120	555 13 29 0
0.6354805120	29 76 105 551
0.6354805120	664 13 31 0
0.6354805120	664 13 29 0
0.6354805120	547 13 29 0
0.6354805120	29 76 45 551
0.6354805120	547 13 31 0
0.6354805120	31 76 105 551
0.6354805120	664 13 29 87
0.6311749664	45 29 31 76
0.6278202425	26 6 13 31
0.6278202425	0 29 6 31
0.6278202425	26 6 13 29
0.6278202425	26 29 7277 31
0.6278202425	37 45 29 76
0.6271615577	76 551 6 13
0.6259313536	45 31 111 13 21
0.6241615577	21 26 418 6848 37
0.6241313536	45 29 111 13 21
0.6227005095	29 37 31 76
0.6224235460	7210 13 45 29
0.6224235460	7210 13 45 31
0.6211901771	551 2503 13 29
0.6197612314	29 37 31
0.6191901771	231 105 398 637
0.6185916231	29 7277 31 26
0.6185916231	2211 365 31 26
0.6175635706	76 31 76
0.6175391967	45 2804 13 31
0.6175391967	551 6 13 31
0.6175391967	551 6 13 29
0.6138503078	158 22 29 76
0.6132138453	2211 365 29 26
0.6119091314	13 45 46 47
0.6109091314	0 31 470 5334 1316 29
0.6109091314	365 8413 4075 26 29
0.6109091314	0 29 470 5334 1316 31
0.6099091314	365 2028 8413 4075
0.6072726688	283 13 496 37
0.6053420645	532 3279
0.6034805120	29 76 12 13
0.6034805120	31 76 12 26
0.6034805120	31 76 555 13
0.6034805120	31 76 105 491 13
0.6034805120	31 76 491 13
0.6034805120	31 76 555 26
0.6034805120	31 76 6 13
0.6034805120	31 76 12 13
0.6034805120	31 76 664 13
0.6034805120	31 76 555 13 45
0.6034805120	31 76 492 13 45
0.6034805120	29 76 12 26
0.6034805120	29 76 491 13
0.6034805120	29 76 6 13
0.5951615577	555 26 6 13
0.5941615577	29 111 13 21 26 418 6848 37
0.5941615577	2363 2187 13 45
0.5941615577	491 13 496 37
0.5941615577	491 13 9313 26
0.5921615577	3271 45 3491 145
0.5918202425	45 31 111 37 29
0.5918202425	45 29 111 37 31
0.5918202425	45 9857 13 31
0.5876475059	29 31 76
0.5873812395	29 470 31 111
0.5865916231	29 76 664 13
0.5865916231	29 13 45 31 111 13
0.5851901771	365 2028 29 26 4337
0.5851901771	365 2028 31 26 4337
0.5851901771	68 2086 365 29 7210
0.5851901771	13 45 7 1044
0.5851901771	68 2086 365 31 7210
0.5841901771	365 2028 8413 4075 26 4337
0.5841901771	365 2028 8413
0.5830597522	76 29 76
0.5818963370	29 76 26 45
0.5809018916	1002 13 45 2501
0.5791580666	31 76 45
0.5791580666	31 76 26
0.5791580666	29 76 26
0.5791580666	29 76 45
0.5791580666	31 76 0
0.5791580666	31 76 13
0.5789018916	7209 7210
0.5785082911	31 0 29 76
0.5785082911	29 0 31 76
0.5776610188	12 13 29
0.5776610188	555 29 76
0.5776610188	31 76 555
0.5776610188	31 76 664
0.5776610188	31 6 29
0.5776610188	29 76 547
0.5776610188	6 31 76
0.5776610188	31 491 29
0.5776610188	664 29 76
0.5776610188	547 29 76
0.5776610188	492 13 29
0.5776610188	12 13 31
0.5776610188	555 31 76
0.5776610188	6 13 31
0.5776610188	76 29 470
0.5776610188	491 31 76
0.5776610188	52 29 76
0.5776610188	547 31 76
0.5776610188	12 31 76
0.5776610188	29 491 31
0.5776610188	6 29 76
0.5776610188	664 31 470
0.5776610188	664 31 76
0.5776610188	664 13 31
0.5776610188	29 6 31
0.5776610188	31 76 491
0.5776610188	31 76 6
0.5776610188	29 76 664
0.5776610188	29 76 491
0.5776610188	2363 29 76
0.5772726688	2138 1911 2139 13 45
0.5772726688	492 2363 13 45
0.5757574494	26 45 31 76
0.5752726688	1956 2820 87 45
0.5732832410	491 37 29
0.5732832410	31 3150 29
0.5732832410	491 37 31
0.5732832410	111 37 31
0.5732832410	29 3150 31
0.5732832410	29 470 664
0.5722832410	2730 13 31
0.5722832410	111 37 29
0.5722832410	2163 13 29
0.5713420645	31 8359 2363 29
0.5713420645	29 7430 2363 31
0.5713420645	555 26 12
0.5713420645	492 2363 31
0.5713420645	491 13 418
0.5713420645	2211 365 31
0.5713420645	637 365 31
0.5713420645	637 365 29
0.5713420645	29 470 2138
0.5713420645	111 13 21
0.5713420645	29 8359 2363 31
0.5713420645	2730 13 29
0.5713420645	747 118 31
0.5713420645	4075 26 31
0.5713420645	4075 26 29
0.5713420645	2253 13 29
0.5713420645	253 37 29
0.5713420645	31 26 1796
0.5713420645	1701 31 76
0.5713420645	2604 26 31
0.5713420645	2211 365 29
0.5713420645	2604 26 29
0.5713420645	29 470 6
0.5713420645	6 26 12
0.5713420645	29 9192 31
0.5713420645	2290 664 31
0.5703420645	9857 13 31 2965 133 6554
0.5703420645	47 48 7277 532
0.5703420645	491 13 496
0.5703420645	14179 365 14180
0.5703420645	8413 4075 26 4337
0.5703420645	2211 365 8413
0.5703420645	111 13 496
0.5703420645	3489 3551
0.5703420645	3285 3286
0.5703420645	29 405 7430
0.5703420645	1227 3421
0.5699074335	45 6 13 29
0.5699074335	26 555 13 29
0.5699074335	0 52 31 76
0.5656622853	31 470 29 111
0.5650128640	0 31 76 547
0.5650128640	0 31 76 555
0.5650128640	0 29 76 547
0.5632128640	151 664 13 29
0.5619285516	29 13 31
0.5619285516	29 0 31
0.5619285516	31 29 76
0.5596435200	31 76 551 6 13
0.5579211088	1956 2820
0.5574126769	29 13 31 26
0.5551829374	398 637
0.5536887189	45 31 41 45
0.5536887189	45 29 41 45
0.5525500847	45 29 76
0.5525500847	26 29 76
0.5525500847	13 31 76
0.5525500847	0 31 76
0.5525500847	0 29 76
0.5525500847	45 31 76
0.5525500847	13 29 76
0.5525500847	26 31 76
0.5519420645	29 664 31
0.5519420645	29 2503 31
0.5519420645	7210 31 76
0.5519420645	29 7210 31
0.5519420645	31 664 29
0.5519420645	31 7210 29
0.5519420645	31 76 12
0.5519420645	7210 29 76
0.5508772084	365 29 76 105
0.5508772084	0 31 76 551
0.5508772084	365 31 76 105
0.5508772084	37 29 76 26
0.5508772084	37 31 76 26
0.5486934981	31 76 45 551
0.5486934981	76 1002 13 45
0.5475642867	76 45 547
0.5465642867	29 7277 31
0.5465642867	2139 13 29
0.5465642867	2503 31 76
0.5456231103	2820 87 45 7 1044 31
0.5456231103	7210 29 2086
0.5456231103	1138 365 45 7 1044 31
0.5456231103	111 13 21 26 418
0.5456231103	1062 45 416
0.5456231103	7210 31 2086
0.5456231103	496 37 29
0.5456231103	496 37 31
0.5456231103	29 26 14059
0.5456231103	7277 13 29
0.5456231103	31 26 14059
0.5456231103	29 470 2253
0.5456231103	70199 31 76
0.5456231103	34062 31 76
0.5456231103	3918 31 76
0.5446231103	39609 34329
0.5446231103	1062 3698 13 8836 1287 14370 111 25534 3574 10278
0.5446231103	29981 7222 49 2503 13 300 2327 2434
0.5446231103	9857 13 3918 31 2965 133 6554
0.5446231103	7222 49 2503 13 300 2327 2434
0.5446231103	8836 1287 14370 111 25534 3574
0.5446231103	7 1044 31 2168
0.5446231103	2503 13 300 2327
0.5446231103	9857 13 3918
0.5446231103	2028 26 1911
0.5446231103	1044 31 2161
0.5446231103	1044 31 73
0.5446231103	1278 3918 31
0.5443282294	365 31 76 45
0.5437546311	6 13 31 0
0.5437546311	6 13 29 26
0.5434524594	31 49 29
0.5426437239	45 31 29 76
0.5426437239	26 29 13 31
0.5424995904	13 45 7 1044 31
0.5412939097	0 31 76 12
0.5409523216	2199 158
0.5369074335	45 31 41 46
0.5354356768	1062 31 1062 45
0.5354356768	1062 29 1062 45
0.5345681416	1124 118 45 29 2122
0.5345527332	164 3271
0.5325681416	0 93 164 3271
0.5306435200	31 470 29 111 13
0.5306435200	29 470 31 111 13
0.5214363592	13 45 29 31
0.5214363592	13 31 29
0.5214363592	13 45 31 29
0.5214363592	13 29 31
0.5188772084	0 29 76 547 13
0.5188772084	0 31 76 6 13
0.5187998300	13 45 29 41
0.5187998300	26 29 13 45
0.5130379252	0 0 0 0 0 0 0 0
0.5130379252	0 0 0 0 0 0
0.5127427682	61 31 76 45
0.5122471431	26 418 6848 37
0.5114805120	31 76 45 555 13
0.5114805120	31 76 551 664 13
0.5114805120	31 76 547 13
0.5114805120	31 76 492 13
0.5089316791	1002 13 45 218
0.5088491874	1124 118 45 31 2122
0.5080627814	26 29 76 45
0.5080627814	26 31 76 45
0.5079027342	664 26 6 13
0.5052402250	152 365 31 76
0.5032402250	1138 365 45 31
0.5032402250	52 31 76 133
0.5032402250	664 13 45 81
0.5028492947	31 76 41
0.5022402250	2028 31 26 4337
0.5022402250	2820 87 45 31
0.5022402250	76 84 43 643
0.5021615577	31 111 13 21 26 418 6848 37
0.5019883195	0 31 76 547 13
0.5019883195	45 31 283 13
0.5019883195	45 29 111 13
0.5019883195	45 29 283 13
0.5009530278	29 470 31 26
0.5006972426	76 664 13 29
0.5002402250	46 47 48
0.5002402250	2309 496 111
0.5002402250	1025 4935
0.5002402250	592 593
0.5002402250	4274 11562
0.5002402250	11375 4985
0.5002402250	1816 492
0.5002402250	2189 1278
0.5002402250	7926 7590
0.5002402250	2242 1057
0.5002402250	2138 1911
0.5002402250	2641 3224
0.5002402250	1138 365 45 7
0.5002402250	2028 8413 4075
0.5002402250	46 47 2743
0.5002402250	46 47 2605
0.5002402250	3300 377 2116
0.5002402250	1633 2189 1278
0.5002402250	5881 33158 23651
0.5002402250	3833 4985
0.5002402250	2363 2187
0.5002402250	1470 3511
0.5002402250	1970 1971
0.5002402250	14300 2849
0.5002402250	932 111
0.5002402250	908 3288
0.5002402250	652 4846
0.5002402250	421 267
0.5002402250	7 2301
0.5002402250	7215 7216
0.5002402250	577 1285
0.5002402250	21 5059
0.5002402250	7291 59
0.5002402250	81 10029
0.5002402250	5345 2409
0.5002402250	2289 2287
0.5002402250	3589 3590
0.5002402250	3860 6159
0.5002402250	1220 75
0.5002402250	1796 7647
0.5002402250	260 75
0.5002402250	896 3423
0.5002402250	1796 19937
0.5002402250	1796 39543
0.5002402250	1807 41066
0.5002402250	2569 5165
0.5002402250	1313 7770
0.5002402250	517 6848
0.5002402250	435 34106
0.5002402250	517 5059
0.5002402250	2462 1523
0.5002402250	1841 1854
0.5002402250	642 580
0.5002402250	517 590
0.5002402250	1313 9275
0.5002402250	484 1881
0.5002402250	1370 461
0.5002402250	7608 2163
0.5002402250	2087 2860
0.5002402250	2087 1278
0.5002402250	1628 1370
0.5002402250	1702 5053
0.5002402250	2357 62377
0.5002402250	3000 3001
0.5002402250	3002 1599
0.5002402250	33158 23651
0.5002402250	13744 614
0.5002402250	2881 851
0.5002402250	10334 13089
0.5002402250	6449 1144
0.5002402250	1871 1866
0.5002402250	607 13138
0.5002402250	12403 4955
0.5002402250	634 417
0.5002402250	634 5386
0.5002402250	46 47
0.5002402250	8359 10208
0.5002402250	11257 8359
0.5002402250	887 1023
0.5002402250	848 8773
0.5002402250	848 10481
0.5002402250	2852 2860
0.5002402250	5334 1316
0.5002402250	496 2310
0.5002402250	2309 172
0.5002402250	3681 16564
0.5002402250	3681 16505
0.5002402250	1099 6948
0.5002402250	435 34069
0.5002402250	46 311
0.4985681416	93 164 3271
0.4982994306	365 2028 31 26
0.4982994306	365 2028 29 26
0.4975406158	13 29 26 45
0.4945916231	31 76 664 13 45
0.4945916231	31 76 45 664 13
0.4942520081	26 664 13 29
0.4942520081	45 555 13 29
0.4942520081	26 29 6 31
0.4926131179	29 555 31 26
0.4926131179	664 13 29 41
0.4917787110	0 0 0 0
0.4862413128	41 31 76
0.4862402250	31 41 46 47
0.4852402250	2138 1911 2139 13 29
0.4852402250	2138 1911 2139 13 31
0.4852402250	664 26 2138 1911
0.4832726688	1956 2820 87
0.4832402250	3300 377 2116 3301
0.4832402250	491 13 498 8773
0.4832402250	12 26 2138 1911
0.4832402250	2138 9432 2139
0.4832402250	2642 194 2643
0.4832402250	2163 13 15497
0.4832402250	1976 1887
0.4832402250	1961 1962
0.4832402250	3631 1989
0.4832402250	3289 3290
0.4832402250	21347 7024
0.4832402250	3605 3606
0.4832402250	2126 4748
0.4832402250	2970 6093
0.4832402250	2881 2906
0.4832402250	2884 2885
0.4832402250	12 26 2138 1911 2139
0.4832402250	3280 1044 3281 3368 3369
0.4832402250	8413 4075 26 29
0.4832402250	634 5386 417
0.4832402250	421 6107 7908
0.4832402250	7277 532 7278
0.4832402250	576 2852 2853
0.4832402250	577 1285 14737
0.4832402250	1970 1971 1972
0.4832402250	7567 334 1974
0.4832402250	470 5334 1316
0.4832402250	2138 2209 2139
0.4832402250	3575 3576
0.4832402250	3308 3309
0.4832402250	3302 3290
0.4832402250	5881 33158
0.4832402250	3846 3944
0.4832402250	81 82
0.4832402250	3427 3428
0.4832402250	2108 2109
0.4832402250	2779 2796
0.4832402250	3497 3466
0.4832402250	3258 3259
0.4832402250	3592 9578
0.4832402250	4989 590
0.4832402250	3592 3593
0.4832402250	14316 30259
0.4832402250	3608 3609
0.4832402250	35423 35424
0.4832402250	2871 2910
0.4832402250	2825 1909
0.4832402250	634 644
0.4832402250	3501 1576
0.4832402250	10647 11609
0.4832402250	2642 194
0.4832402250	20306 33330 5881 33158 23651 58435
0.4832402250	1911 663 664
0.4832402250	421 663 664
0.4832402250	3461 484 3259
0.4832402250	2138 7172 2139
0.4832402250	3519 3594
0.4832402250	81 7345
0.4832402250	3804 3805
0.4832402250	3260 4198
0.4832402250	3686 1585
0.4813811007	13 29 76 233
0.4813811007	365 29 664 31
0.4813811007	0 31 76 6
0.4813811007	0 31 76 664
0.4813811007	0 29 76 664
0.4813811007	37 45 29 111
0.4809604058	29 76 41
0.4789316791	12 13 45 2163 13
0.4788870210	45 31 26 45
0.4760632939	0 29 76 551
0.4746610188	555 13 29
0.4746610188	881 45 29
0.4746610188	31 547 29
0.4746610188	547 13 31
0.4746610188	547 13 29
0.4746610188	555 13 31
0.4746610188	6 13 29
0.4746610188	881 45 31
0.4746610188	31 76 492
0.4746610188	29 76 12
0.4746610188	29 547 31
0.4744219427	45 664 13 29
0.4744219427	45 664 13 31
0.4728565061	76 492 13 45
0.4727813929	0 31 76 664 13
0.4726435200	6 13 29 0
0.4716478349	45 31 76 29 76
0.4716478349	45 29 76 31 76
0.4716478349	13 45 29 76 31
0.4716478349	0 0 29 76
0.4716478349	26 45 29 76
0.4716478349	13 31 76 29
0.4716478349	13 45 31 76 29
0.4716478349	13 29 76 31
0.4716478349	0 0 31 76
0.4712955574	31 37 29
0.4703617444	29 13 45 111 13
0.4683420645	664 26 6
0.4683420645	555 26 6
0.4683420645	12 26 6
0.4673420645	21 26 418 6848
0.4661153296	13390 26
0.4652866528	31 76 105
0.4652866528	29 76 105
0.4608879194	31 76 551
0.4608879194	6 31 26
0.4608879194	31 491 13
0.4608879194	664 29 26
0.4608879194	29 111 13
0.4608879194	664 31 26
0.4608879194	29 555 26
0.4608879194	31 76 22
0.4608879194	31 76 68
0.4608879194	31 111 13
0.4608879194	29 76 43
0.4608879194	29 76 22
0.4608879194	29 76 68
0.4608879194	29 547 26
0.4608879194	29 76 49
0.4608879194	29 76 551 664 13
0.4608879194	555 31 26
0.4608879194	29 491 13
0.4608879194	31 547 26
0.4608879194	31 76 93
0.4608879194	31 76 43
0.4608879194	31 76 145
0.4608879194	31 76 49
0.4608879194	29 76 145
0.4608879194	29 76 551
0.4596621465	87 45 29 111
0.4565101416	76 555 26
0.4563524239	41 29 76
0.4559281880	29 0 41
0.4559281880	31 41 45
0.4559281880	31 61 45
0.4559281880	29 41 45
0.4559281880	31 0 41
0.4559281880	29 0 0
0.4559281880	31 26 105
0.4559281880	29 61 45
0.4555101416	76 547 26
0.4545689651	76 2371 13
0.4545689651	52 664 13
0.4545689651	31 2168 0
0.4545689651	416 664 13
0.4545689651	492 2363 13
0.4545689651	76 2087 13
0.4535689651	2211 365 8413 4075 26
0.4535689651	21 26 418 19771 0
0.4529523216	3841 377
0.4504564486	61 29 76
0.4489420645	2503 13 29
0.4489420645	664 13 29
0.4474773952	87 45 31 111 13
0.4474773952	87 45 29 111 13
0.4473977639	31 76 61
0.4473977639	29 76 61
0.4464773952	45 551 664 13
0.4464773952	26 45 139 13
0.4464773952	26 492 13 45
0.4464773952	22 664 13 45
0.4464773952	68 1002 13 45
0.4464773952	45 2087 13 45
0.4464773952	87 45 31 41
0.4450577152	199 31 76
0.4450577152	37 31 76
0.4450577152	37 29 76
0.4450577152	41 29 470
0.4450577152	26 6 31
0.4450577152	13 31 470
0.4450577152	26 6 29
0.4450577152	41 31 470
0.4450577152	118 31 470
0.4450577152	45 29 470
0.4450577152	45 29 7210
0.4450577152	45 29 405
0.4450577152	68 31 76
0.4450577152	45 416 29
0.4450577152	22 31 76
0.4450577152	26 29 470
0.4450577152	87 29 76
0.4450577152	145 31 76
0.4450577152	45 31 470
0.4450577152	45 31 654
0.4450577152	49 29 76
0.4450577152	68 29 76
0.4450577152	13 29 470
0.4450577152	49 31 76
0.4450577152	365 29 76
0.4450577152	0 29 470
0.4450577152	118 29 76
0.4450577152	45 31 7210
0.4450577152	0 31 470
0.4450577152	22 29 76
0.4450577152	145 29 470
0.4450577152	26 31 470
0.4439990305	76 664 13
0.4439990305	29 664 26
0.4439990305	7210 31 41
0.4439990305	7210 29 41
0.4439990305	2503 31 26
0.4427885063	68 105 580 13 45
0.4427885063	22 105 580 13 45
0.4427885063	231 1002 13 45
0.4427885063	87 45 139 13
0.4427885063	26 551 6 13
0.4423688263	377 31 76
0.4423688263	45 29 144
0.4423688263	45 29 654
0.4423688263	365 29 555
0.4416231103	283 13 496
0.4414276499	551 31 6
0.4414276499	0 1773 14178 519
0.4414276499	45 29 1396
0.4414276499	45 31 1396
0.4399284161	37 45 31 41
0.4399284161	37 45 29 41
0.4397154904	0 0 789 68
0.4397154904	0 43 68 105
0.4397154904	0 43 68 45
0.4397154904	0 43 231 45
0.4396212527	7210 31 61
0.4396212527	7210 29 61
0.4395341094	45 31 76 29
0.4395341094	45 29 76 31
0.4386212527	29 283 13
0.4386212527	31 283 13
0.4376800762	7277 31 26
0.4376800762	70199 31 26
0.4372745932	31 0 0
0.4372745932	29 0 45
0.4372745932	31 0 45
0.4366800762	2122 13 45 1186 211 2211 365
0.4352090950	41 45 29
0.4352090950	61 45 31
0.4352090950	0 0 29
0.4352090950	61 45 29
0.4352090950	41 45 31
0.4340854250	0 43 68 348
0.4310146992	87 45 29 76
0.4310146992	87 31 470 29
0.4310146992	49 29 470 31
0.4310146992	365 31 470 29
0.4310146992	49 31 470 29
0.4310146992	365 29 470 31
0.4305885063	13 45 31 111 13
0.4305681416	0 43 68 2086
0.4283258103	26 1745 365 31
0.4283258103	26 1745 365 29
0.4268772084	0 31 76 555 13
0.4258996174	45 673 13 45
0.4253258103	43 44 49 29
0.4250083610	365 29 76 45
0.4243258103	2391 5420
0.4243258103	0 29 470 5334 1316 31 20306
0.4243258103	0 31 470 5334 1316 29 20306
0.4243258103	1186 2117
0.4243258103	218 4314
0.4243258103	349 2263
0.4243258103	377 2116
0.4243258103	504 1418
0.4220379252	0 0 0 0 0 0 0
0.4220093733	13 31 26 45
0.4217842052	44 37 45 31
0.4209842052	75 37 45 31
0.4202471431	45 29 111 13 21 26 418 6848 37
0.4193387610	13 29 555
0.4193387610	13 664 31
0.4193387610	118 31 76
0.4193387610	145 29 76
0.4166655852	0 31 76 45
0.4166655852	13 29 76 45
0.4166655852	13 29 76 26
0.4166655852	0 29 76 45
0.4166655852	45 29 76 26
0.4166655852	13 31 76 45
0.4166655852	13 31 76 26
0.4166655852	26 29 76 26
0.4166655852	45 31 76 26
0.4166655852	45 31 76 45
0.4166498721	551 664 31
0.4166498721	45 31 111 13 21 26 418
0.4166498721	45 29 111 13 21 26 418
0.4166498721	13 3918 31
0.4166498721	45 29 253
0.4159842052	576 2852
0.4159842052	1971 1972
0.4159842052	652 133
0.4159842052	1281 1842
0.4159842052	2189 1147
0.4159842052	418 9481
0.4159842052	643 312
0.4159842052	1147 2909
0.4159842052	2209 2139
0.4159842052	2209 492
0.4159842052	2138 7172
0.4159842052	46 47 97
0.4159842052	66 491
0.4159842052	4475 1300
0.4159842052	5386 417
0.4159842052	461 3717
0.4159842052	417 635
0.4159842052	416 1837
0.4159842052	621 491
0.4159842052	418 19771
0.4159842052	4337 1807
0.4159842052	3280 1044
0.4159842052	330 275
0.4159842052	171 139
0.4159842052	7868 496
0.4159842052	133 23041
0.4159842052	44 16193
0.4159842052	2309 139
0.4159842052	46 47 48 7277
0.4159842052	3285 3286 3305
0.4159842052	46 47 303
0.4159842052	3489 3551 3447
0.4159842052	1972 623
0.4159842052	1029 461
0.4159842052	576 577
0.4159842052	421 6107
0.4159842052	532 7278
0.4159842052	2363 2585
0.4159842052	7136 111
0.4159842052	11505 139
0.4159842052	6700 654
0.4159842052	9528 133
0.4159842052	283 2852
0.4159842052	460 461
0.4159842052	1911 1936
0.4159842052	1004 989
0.4159842052	418 5679
0.4159842052	416 6923
0.4159842052	416 10006
0.4159842052	244 270
0.4159842052	416 7984
0.4159842052	623 2545
0.4159842052	1905 7236
0.4159842052	977 144
0.4159842052	2396 881
0.4159842052	3461 484
0.4159842052	1845 1300
0.4159842052	664 13744
0.4159842052	1147 1168
0.4159842052	3006 654
0.4159842052	2910 2936
0.4159842052	2028 8413
0.4159842052	1303 17893
0.4159842052	5163 5164
0.4159842052	954 270
0.4159842052	1043 2313
0.4159842052	1048 461
0.4159842052	133 6449
0.4159842052	2138 2209
0.4159842052	46 3148
0.4159842052	2309 496
0.4159842052	7277 532
0.4159842052	1816 2730
0.4159842052	2189 3252
0.4159842052	1766 1936
0.4159842052	2138 9432
0.4159842052	1045 4582
0.4159842052	14386 7101
0.4159842052	46 1162
0.4159842052	2308 139
0.4159842052	38 5269
0.4159842052	3331 1766
0.4159842052	6107 7908
0.4159842052	2852 2853
0.4159842052	5366 461
0.4157086956	87 45 7 1044 31 73
0.4157086956	45 9857 13 3918 31
0.4157086956	0 7 1044 31
0.4157086956	26 45 7 1044
0.4157086956	45 7 1044 31
0.4157086956	365 70199 31
0.4157086956	0 31 8101
0.4157086956	365 45 7 1044 31 2168
0.4157086956	365 105 3393 27594
0.4157086956	87 45 7 1044
0.4157086956	365 2503 31
0.4157086956	37 29 405
0.4157086956	365 2028 29
0.4157086956	365 2028 31
0.4150655852	13 29 470 31
0.4144773952	37 45 139 13
0.4144773952	105 491 37 45
0.4144773952	13 45 2163 13
0.4141660139	31 470 29 26
0.4130146992	45 31 234 29
0.4130146992	45 31 41 46 47
0.4109254348	0 0 31
0.4109254348	26 45 29
0.4109254348	0 45 31
0.4109254348	0 45 29
0.4107902060	377 9536
0.4107885063	37 45 673 13 45
0.4107885063	105 580 13 45
0.4107885063	22 350 13 45
0.4107885063	41 45 2313 13
0.4107885063	13 45 552 13
0.4103258103	158 22 31 76
0.4102402250	12 13 45 2163
0.4102402250	76 84 43 44
0.4099883195	45 31 111 13
0.4093258103	45 31 76 84 43 44
0.4093258103	105 106 13 29
0.4092704685	26 2087 13 45
0.4092704685	45 555 13 45
0.4092704685	13 45 111 13
0.4092704685	45 492 13 45
0.4092704685	26 555 13 45
0.4088473298	551 12 26 6 13
0.4088473298	0 43 68 2086 61
0.4088473298	118 45 2163 13
0.4088473298	68 2086 365 45
0.4083258103	41 45 46 47
0.4083258103	61 45 81 82
0.4083258103	13 45 81 82
0.4083258103	41 45 81 82
0.4083258103	145 45 416 38
0.4082402250	2138 1911 2139
0.4082402250	592 2368
0.4082402250	243 270
0.4082402250	498 8773
0.4078473298	43 68 2086 365
0.4078473298	164 3271 45 3419 145
0.4073258103	41 46 47 97
0.4073258103	41 46 47 303
0.4073258103	105 255 13 21
0.4073258103	13 45 81 293
0.4073258103	41 45 81 293
0.4073258103	105 254 13 954
0.4073258103	234 2087 2860 29
0.4068473298	145 1147 158 22
0.4058261040	664 13 29 26
0.4058261040	76 45 664 13
0.4037214895	37 45 31 76 26
0.4010854250	0 93 164 348
0.4010854250	84 43 68 105
0.4003568132	13 29 76 41
0.3985885063	37 45 29 111 13
0.3985885063	37 45 31 111 13
0.3975885063	13 45 139 13
0.3975885063	551 664 13 45
0.3975885063	45 664 13 45
0.3975885063	551 29 13 45
0.3933815796	45 7210 13 45
0.3933815796	26 12 13 45
0.3929584409	45 8359 2363 13 45
0.3919584409	0 45 606 68
0.3919584409	551 7210 13 45
0.3912402250	81 293
0.3909584409	164 3271 45 3491 145
0.3909584409	231 105 398 637 365
0.3909584409	22 350 13 105
0.3893811007	37 45 31 111
0.3854679244	13 31 76 105
0.3838775549	1124 118 45 29
0.3796194160	29 26 105
0.3767587435	7291 39539
0.3767587435	81 2520
0.3767587435	2116 3553
0.3767587435	81 20396
0.3756194160	31 26 68
0.3756194160	29 68 45
0.3756194160	31 68 45
0.3726545505	45 81 2520 0
0.3722660609	13 45 31 41
0.3722660609	13 45 29 0
0.3722660609	13 45 29 26
0.3722660609	0 29 26
0.3722660609	45 29 61
0.3722660609	61 31 26
0.3722660609	26 29 41
0.3722660609	26 29 26
0.3722660609	13 29 26
0.3722660609	13 29 41
0.3722660609	13 31 41
0.3722660609	13 29 0
0.3722660609	45 29 41
0.3722660609	45 31 61
0.3722660609	41 29 26
0.3722660609	26 31 41
0.3697337922	31 76 233 68
0.3697337922	29 76 233 68
0.3695041561	0 0 45
0.3695041561	0 41 45
0.3695041561	0 0 0
0.3692686379	26 551 664 13
0.3692686379	26 664 13 45
0.3692686379	26 6 13 45
0.3665790355	0 31 76 105
0.3663846856	0 87 45 31
0.3663846856	0 87 45 29
0.3657303884	145 45 31
0.3657303884	68 45 29
0.3653560144	31 76 233 649
0.3651944465	0 29 76 105
0.3643560144	29 76 233 649
0.3641365213	492 13 31
0.3641365213	31 76 1002
0.3641365213	2087 13 31
0.3641365213	31 12 29
0.3641365213	29 234 31
0.3641365213	1168 31 76
0.3641365213	52 31 76
0.3641365213	2363 31 76
0.3641365213	31 555 29
0.3641365213	31 234 29
0.3641365213	31 1911 29
0.3641365213	1027 45 29
0.3641365213	2363 13 29
0.3641365213	31 87 29
0.3641365213	31 41 46
0.3641365213	31 1140 29
0.3641365213	29 12 31
0.3641365213	29 52 31
0.3641365213	31 76 46
0.3641365213	31 76 133
0.3641365213	29 1911 31
0.3641365213	29 76 6
0.3641365213	1168 29 76
0.3641365213	31 52 29
0.3641365213	31 519 29
0.3641365213	29 519 31
0.3641365213	29 1140 31
0.3641365213	29 555 31
0.3641365213	31 1062 29
0.3641365213	31 76 547
0.3641365213	29 76 1168
0.3641365213	29 76 133
0.3633560144	1911 492 13 45
0.3633560144	416 1837 13 45
0.3615587435	2087 13 29
0.3615587435	31 76 2138
0.3613560144	3076 724
0.3613560144	1073 478
0.3607587435	1911 2139 13 31
0.3607587435	1804 365 31
0.3607587435	7612 664 31
0.3607587435	2503 13 46
0.3607587435	2313 37 31
0.3607587435	29 41 46 47
0.3607587435	643 49 31
0.3607587435	2002 365 29
0.3607587435	2086 365 31
0.3607587435	2086 365 29
0.3607587435	670 199 29
0.3607587435	75 37 31
0.3607587435	1745 365 31
0.3607587435	75 37 29
0.3607587435	1745 365 29
0.3607587435	2804 13 31
0.3607587435	31 1133 29
0.3607587435	152 365 29
0.3607587435	2739 365 29
0.3607587435	209 365 31
0.3607587435	664 26 2138
0.3607587435	1027 365 31
0.3607587435	1027 365 29
0.3607587435	29 26 1796
0.3607587435	31 2545 29
0.3607587435	31 68 1027
0.3607587435	44 234 29
0.3607587435	31 26 4337
0.3607587435	104 45 31
0.3607587435	2617 365 31
0.3607587435	6848 37 29
0.3607587435	106 13 31
0.3607587435	31 41 73177
0.3607587435	29 68 1027
0.3607587435	29 1133 31
0.3607587435	31 76 2277
0.3607587435	76 233 11
0.3607587435	1180 45 29
0.3607587435	6948 61 29
0.3607587435	5963 49 29
0.3607587435	643 145 31
0.3607587435	44 49 31
0.3607587435	31 470 416
0.3607587435	519 31 76
0.3607587435	670 199 31
0.3607587435	11 45 416
0.3607587435	1864 365 31
0.3607587435	2804 13 29
0.3607587435	86 87 31
0.3607587435	5595 365 29
0.3607587435	5595 365 31
0.3607587435	29 26 1807
0.3607587435	29 26 4337
0.3607587435	1365 365 29
0.3607587435	1365 365 31
0.3607587435	4486 13 29
0.3607587435	31 26 1807
0.3607587435	2617 365 29
0.3607587435	2313 37 29
0.3607587435	4486 13 31
0.3607587435	44 234 31
0.3607587435	6848 37 31
0.3607587435	12 26 2138
0.3607587435	2413 31 76
0.3607587435	106 13 29
0.3607587435	104 31 76
0.3607587435	519 29 76
0.3607587435	4656 365 29
0.3607587435	29 470 416
0.3607587435	1701 29 76
0.3607587435	2501 13 29
0.3607587435	2501 13 31
0.3607587435	1180 45 31
0.3607587435	6948 61 31
0.3607587435	29 76 896
0.3607587435	29 76 2277
0.3607587435	5963 49 31
0.3607587435	31 2453 664
0.3607587435	44 49 29
0.3607587435	3211 13 29
0.3607587435	4656 365 31
0.3607587435	29 76 5561
0.3597587435	1804 26 1864
0.3597587435	491 13 7252
0.3597587435	3439 3440
0.3597587435	470 5334 1316 29 20306 33330 5881 33158 23651
0.3597587435	31 470 5334 1316 29
0.3597587435	33330 5881 33158 23651 58435
0.3597587435	470 5334 1316 29 20306
0.3597587435	470 5334 1316 31 20306
0.3597587435	29 470 5334 1316 31
0.3597587435	21 26 418 9481
0.3597587435	519 31 749
0.3597587435	8359 13 7022
0.3597587435	7275 881 12956
0.3597587435	1461 13 6918
0.3597587435	254 13 954
0.3597587435	491 13 9313
0.3597587435	491 13 682
0.3597587435	253 13 1046
0.3597587435	3589 3590 3591
0.3597587435	1062 29 1062
0.3597587435	2138 13 3110
0.3597587435	3704 3705
0.3597587435	3706 3707
0.3597587435	3522 3920
0.3597587435	3424 3432
0.3597587435	3586 3587
0.3597587435	3298 3299
0.3597587435	3495 3496
0.3597587435	3462 3463
0.3597587435	1359 3446
0.3597587435	3595 3596
0.3597587435	13831 13832
0.3597587435	3557 3558
0.3597587435	3455 3456
0.3597587435	3509 3510
0.3597587435	470 5334 1316 31 20306 33330 5881 33158 23651
0.3597587435	519 31 32
0.3597587435	1062 31 1062
0.3597587435	8359 13 405
0.3597587435	3451 3452 3453
0.3597587435	139 13 542
0.3597587435	255 13 21
0.3597587435	491 13 3143
0.3597587435	491 13 498
0.3597587435	1023 22 664
0.3597587435	12 26 2413
0.3597587435	519 29 32
0.3597587435	519 29 749
0.3597587435	3271 45 3419
0.3597587435	2163 13 2416
0.3597587435	111 13 7014
0.3597587435	3442 3443
0.3597587435	3293 3294
0.3597587435	3282 3283
0.3597587435	3368 3369
0.3597587435	3437 3438
0.3597587435	3459 3460
0.3597587435	3507 3508
0.3594565541	49 29 37 45
0.3577305272	76 26 45
0.3577305272	31 145 45
0.3577305272	31 41 105
0.3568545367	13 29 76 68
0.3568545367	365 31 76 26
0.3557656616	45 7 1044 31 2168 0
0.3557656616	45 416 1837 13
0.3557656616	551 8359 2363 13
0.3557656616	45 8359 2363 13
0.3554773952	37 45 31 76 84
0.3546124661	45 29 13 45
0.3546124661	13 45 31 26
0.3546124661	13 31 26
0.3546124661	0 31 26
0.3546124661	13 45 31 0
0.3546124661	26 31 26
0.3523590593	76 29 0
0.3521540011	365 31 76 233
0.3511944465	13 29 76 105
0.3503560144	31 76 84 93
0.3503560144	29 76 84 93
0.3493560144	1911 2139 13 45
0.3493560144	491 13 2313 37
0.3493540011	118 45 31 2122
0.3490567741	29 26 68
0.3490567741	31 118 45
0.3490567741	29 145 45
0.3490567741	31 22 45
0.3488131501	2122 13 45 1186 211
0.3485546202	45 7210 13 45 29
0.3485546202	45 7210 13 45 31
0.3473560144	9476 8359 13
0.3473560144	1281 1842 145 65
0.3473560144	491 13 9313 37
0.3473560144	14386 7101 118
0.3473560144	643 312 49
0.3473560144	1804 26 1864 365
0.3473540011	213 9942
0.3473540011	89 275
0.3473540011	291 3887
0.3473540011	1167 1418
0.3473540011	213 4881
0.3473540011	672 3
0.3473540011	1186 1834
0.3473540011	65 243
0.3473540011	504 4295
0.3473540011	218 690
0.3473540011	132 1099
0.3473540011	218 1299
0.3473540011	132 4314
0.3473540011	13 15497
0.3466352236	87 45 29 111 13 21
0.3466352236	87 45 31 111 13 21
0.3466352236	13 496 37 31
0.3454564486	61 31 76
0.3452745932	31 26 45
0.3446580407	76 41 105
0.3446580407	12 13 45
0.3446580407	555 13 45
0.3446580407	29 26 65
0.3446580407	76 26 105
0.3446580407	31 68 105
0.3446580407	29 22 105
0.3446580407	31 26 65
0.3446580407	2363 13 45
0.3446580407	31 0 43
0.3446580407	31 22 105
0.3446580407	31 231 45
0.3446580407	491 41 45
0.3446580407	233 68 45
0.3446580407	29 231 105
0.3446352236	68 2086 365 31
0.3446352236	68 2086 365 29
0.3420577152	45 29 111
0.3420577152	365 31 76
0.3420577152	61 31 470
0.3420577152	45 31 111
0.3420577152	365 29 470
0.3420577152	49 29 470
0.3420577152	61 29 470
0.3409848206	13 45 1186 211
0.3402802630	8359 13 45
0.3393688263	551 29 664
0.3392802630	350 13 45
0.3392802630	76 151 45
0.3391154589	49 45 31
0.3390114341	365 45 31
0.3390114341	365 45 29
0.3384276499	551 29 6
0.3383390865	580 13 45
0.3383390865	793 61 45
0.3383390865	747 118 45
0.3383390865	1909 61 45
0.3383390865	2027 13 45
0.3383390865	152 61 45
0.3383390865	270 87 45
0.3383390865	7890 13 45
0.3383390865	236 37 45
0.3383390865	233 68 105
0.3383390865	9313 37 45
0.3383390865	253 37 45
0.3383390865	14599 13 45
0.3383390865	1023 118 45
0.3383390865	1098 61 45
0.3383390865	2163 13 45
0.3383390865	2371 13 45
0.3383390865	192 37 45
0.3337167255	26 45 416
0.3337167255	61 45 46
0.3337167255	13 551 29
0.3337167255	26 551 31
0.3337167255	0 0 52
0.3337167255	41 45 46
0.3337167255	45 551 29
0.3337167255	41 45 416
0.3337167255	365 551 29
0.3337167255	13 45 111
0.3337167255	13 45 133
0.3337167255	13 45 81
0.3337167255	13 45 1300
0.3337167255	13 45 46
0.3337167255	87 45 29
0.3337167255	26 551 29
0.3318278366	26 45 81
0.3316635531	31 76 551 6
0.3311678853	29 22 45
0.3311678853	29 41 105
0.3311678853	29 118 45
0.3310278366	22 45 46
0.3310278366	41 45 81
0.3310278366	41 45 1766
0.3310278366	145 45 416
0.3310278366	22 45 416
0.3310278366	0 45 1766
0.3310278366	13 45 1004
0.3310278366	13 45 576
0.3300866601	497 61 29
0.3300866601	164 355 718
0.3300866601	22 105 1076
0.3300866601	93 164 747
0.3300866601	41 45 2462
0.3300866601	41 45 2760
0.3300866601	13 45 283
0.3300866601	13 45 1917
0.3300866601	61 45 81
0.3300866601	0 41 657
0.3300866601	0 41 745
0.3300866601	0 41 1671
0.3300866601	145 105 46
0.3300866601	199 45 1300
0.3300866601	365 105 3393
0.3300866601	41 45 1004
0.3300866601	13 45 8832
0.3300866601	13 45 2163
0.3300681111	37 45 31 26
0.3300681111	37 45 29 26
0.3289842052	421 663
0.3289842052	1911 663
0.3289842052	11005 491
0.3289842052	418 6848
0.3289842052	1633 2189
0.3289842052	491 6874
0.3289842052	260 111
0.3277691519	76 41 65
0.3277691519	76 26 551
0.3277691519	7210 13 45
0.3277691519	111 13 45
0.3277691519	547 13 45
0.3277691519	6 13 45
0.3277691519	76 26 68
0.3277691519	664 13 45
0.3266635531	76 84 93 44
0.3266635531	11021 46
0.3266635531	9476 8359
0.3266635531	48 7277
0.3266635531	7209 8359
0.3249848206	84 43 44 234 29
0.3214501976	496 37 45
0.3214501976	336 37 45
0.3214501976	1837 13 45
0.3214501976	6987 365 45
0.3214501976	2086 61 45
0.3214501976	1138 365 45
0.3214501976	2086 365 45
0.3214501976	73 26 45
0.3184415998	105 11005 491 37
0.3184415998	105 244 270 41
0.3156404032	22 105 580 13
0.3127086956	551 29 2503
0.3123965047	145 45 29
0.3123965047	22 45 29
0.3123965047	118 45 31
0.3123965047	22 45 31
0.3123965047	118 45 29
0.3123965047	49 45 29
0.3115027238	46 29470
0.3115027238	46 14263
0.3115027238	46 9096
0.3079977713	199 45 29
0.3079977713	26 45 46
0.3079977713	13 45 418
0.3079977713	13 45 416
0.3079977713	13 45 7
0.3079977713	13 45 139
0.3059572890	13 29 61
0.3059572890	61 29 26
0.3043677059	231 1124 118 45 29 2122 13 45 1186 211
0.3043677059	231 1124 118 45 31 2122 13 45 1186 211
0.3043677059	61 45 3887
0.3043677059	365 45 7
0.3043677059	231 105 398
0.3043677059	13 45 7209
0.3043677059	13 45 581
0.3029572890	61 31 41
0.3029572890	0 31 68
0.2918379767	29 76 547 13
0.2918124130	3024 1924
0.2918124130	4580 2300
0.2918124130	461 1707
0.2918124130	7567 334
0.2918124130	4881 87
0.2918124130	12947 478
0.2918124130	3065 213
0.2918124130	2081 1924
0.2910130114	43 68 105 106
0.2892942338	1124 118 45 31
0.2865332177	365 31 664
0.2865332177	37 29 470
0.2865332177	87 29 470
0.2865332177	87 31 76
0.2865332177	145 31 470
0.2865332177	234 31 76
0.2865332177	13 31 749
0.2865332177	0 31 52
0.2865332177	0 29 52
0.2865332177	234 29 76
0.2865332177	118 29 470
0.2865332177	45 31 975
0.2865332177	0 52 31
0.2865332177	0 31 1062
0.2865332177	22 29 470
0.2865332177	22 31 470
0.2865332177	0 31 225
0.2856443288	13 29 749
0.2850684001	45 31 37
0.2850684001	45 31 145
0.2848443288	0 29 470 5334 1316 31 20306 33330 5881
0.2848443288	0 31 470 5334 1316 29 20306 33330 5881
0.2848443288	37 29 975
0.2848443288	13 29 32
0.2848443288	13 31 975
0.2848443288	13 31 2965
0.2848443288	13 29 975
0.2848443288	365 29 547
0.2848443288	0 29 2965
0.2848443288	0 29 225
0.2848443288	551 29 1911
0.2848443288	45 29 1140
0.2848443288	365 31 547
0.2848443288	45 31 1140
0.2848443288	45 31 2122
0.2848443288	13 31 32
0.2848443288	0 31 2965
0.2848443288	0 29 1062
0.2848443288	45 29 2122
0.2848443288	37 31 975
0.2848443288	45 416 1048
0.2848443288	45 416 38
0.2848443288	45 31 253
0.2823064953	0 0 41
0.2815039136	31 76 84 43 68
0.2792660609	26 29 13
0.2789261358	29 76 84 43 68
0.2772835360	45 29 49
0.2772835360	0 29 68
0.2772835360	37 31 0
0.2772835360	145 31 26
0.2772835360	45 31 49
0.2772835360	45 31 22
0.2772835360	13 31 37
0.2772835360	13 31 22
0.2772835360	145 29 26
0.2772835360	365 29 13
0.2772835360	37 31 26
0.2772835360	49 31 13
0.2772835360	61 29 41
0.2772835360	26 31 37
0.2751261358	76 84 43 44 49
0.2728848026	26 1002 13
0.2728848026	26 491 13
0.2728848026	45 29 87
0.2728848026	37 31 41
0.2728848026	365 31 22
0.2728848026	37 31 87
0.2728848026	365 31 41
0.2728848026	365 31 61
0.2728848026	26 29 37
0.2728848026	37 29 41
0.2728848026	87 31 41
0.2728848026	87 31 26
0.2728848026	45 111 13
0.2728848026	87 29 41
0.2728848026	45 31 87
0.2728848026	49 29 26
0.2728848026	49 29 41
0.2728848026	13 29 118
0.2728848026	13 31 87
0.2728848026	13 29 87
0.2728848026	49 31 41
0.2728848026	49 31 118
0.2728848026	49 31 37
0.2728848026	22 664 26
0.2728848026	365 29 145
0.2728848026	365 29 61
0.2728848026	365 29 41
0.2728848026	365 31 145
0.2728848026	37 29 0
0.2728848026	45 31 234
0.2728848026	45 547 13
0.2721560144	31 76 84 43
0.2721365213	31 470 29
0.2721365213	29 470 31
0.2721365213	31 76 233
0.2721365213	29 76 233
0.2703560144	29 76 84 43
0.2701959137	26 2087 13
0.2701959137	105 491 13
0.2701959137	22 6 13
0.2692547372	551 12 13
0.2692547372	551 12 26
0.2692547372	45 1200 13
0.2692547372	45 16450 13
0.2692547372	105 4580 49
0.2692547372	26 491 37
0.2692547372	45 29 2453
0.2692547372	68 1745 365
0.2692547372	43 44 234
0.2692547372	68 992 45
0.2692547372	68 2086 365
0.2692547372	45 2027 13
0.2692547372	105 547 13
0.2692547372	45 31 2453
0.2692547372	45 253 145
0.2692547372	45 2807 13
0.2692547372	45 3419 145
0.2692547372	355 718 41
0.2692547372	45 1766 68
0.2692547372	45 3491 145
0.2692547372	45 3887 13
0.2692547372	22 1002 13
0.2692547372	105 3237 13
0.2692547372	105 1854 13
0.2692547372	45 5165 68
0.2692547372	45 552 13
0.2692547372	61 1263 45
0.2692547372	45 1909 61
0.2692547372	61 1160 45
0.2692547372	45 2253 13
0.2692547372	551 664 26
0.2692547372	45 4152 13
0.2692547372	13 2313 37
0.2692547372	45 3698 13
0.2692547372	45 3168 13
0.2692547372	551 492 13
0.2692547372	551 2503 13
0.2692547372	45 1325 0
0.2692547372	26 1418 0
0.2692547372	551 8359 13
0.2692547372	61 1063 45
0.2692547372	13 954 26
0.2692547372	45 606 68
0.2692547372	61 14474 45
0.2691228978	0 213 45
0.2691228978	0 41 132
0.2691228978	0 37 45
0.2691228978	0 87 45
0.2691228978	43 68 105
0.2691228978	43 68 45
0.2691228978	26 68 105
0.2691228978	26 22 105
0.2691228978	0 0 43
0.2691228978	0 0 93
0.2691228978	0 43 68
0.2691228978	0 22 105
0.2691228978	41 773 45
0.2691228978	0 118 45
0.2687587435	29 2453 664
0.2687587435	152 365 31
0.2677587435	491 13 2313
0.2677587435	3271 45 3491
0.2676634144	118 45 29 2122
0.2664340089	1167 13 45
0.2664340089	218 13 45
0.2664340089	68 348 45
0.2664340089	789 68 45
0.2664340089	13 45 218
0.2664340089	93 68 45
0.2656634144	1186 211
0.2656634144	551 4989
0.2656634144	132 701
0.2656634144	132 2950
0.2654928324	0 789 231
0.2654928324	182 49 45
0.2654928324	68 348 105
0.2654928324	61 458 105
0.2654928324	497 61 45
0.2654928324	118 45 1186
0.2654928324	93 164 348
0.2654928324	0 93 348
0.2654928324	0 43 164
0.2654928324	231 1124 118
0.2618257836	111 13 27
0.2617306754	22 1002 13 45
0.2611261358	1002 13 45 2501 13
0.2607303884	37 45 31
0.2603540011	164 3566
0.2601261358	76 84 43 44 234
0.2601261358	2199 158 22
0.2593946471	45 29 118
0.2593946471	45 29 145
0.2593946471	365 31 26
0.2593946471	45 31 118
0.2593946471	49 31 26
0.2593946471	365 29 26
0.2593946471	13 29 37
0.2590417865	37 45 38 13
0.2580417865	13 45 144 145
0.2570417865	43 68 105 106 13
0.2569687707	0 43 231 105
0.2560417865	84 43 44 234
0.2559959137	45 12 13
0.2559959137	37 29 26
0.2559959137	68 664 13
0.2559959137	22 29 13
0.2559959137	45 139 13
0.2533070248	45 405 13
0.2532340089	0 41 105
0.2532340089	0 49 45
0.2532340089	26 199 45
0.2532340089	26 45 551
0.2532340089	26 37 45
0.2532340089	26 68 45
0.2526580407	492 13 45
0.2526580407	1002 13 45
0.2523658483	45 9857 13
0.2523658483	348 3271 145
0.2523658483	45 1448 13
0.2523658483	68 115 365
0.2523658483	68 1138 365
0.2523658483	164 747 118
0.2523658483	105 350 13
0.2523658483	45 283 13
0.2521411996	31 749 26
0.2521411996	31 749 0
0.2521411996	29 1062 45
0.2521411996	31 76 773
0.2521411996	29 76 164
0.2521411996	29 76 1002 13
0.2521411996	31 1062 45
0.2521411996	31 76 231
0.2521411996	31 76 151
0.2521411996	31 76 84
0.2521411996	31 76 649
0.2521411996	31 76 132
0.2521411996	29 76 773
0.2521411996	29 76 132
0.2521411996	29 76 231
0.2512798818	508 724
0.2512798818	723 724
0.2512798818	2647 2611
0.2505451200	61 458 45
0.2496039436	43 231 105
0.2496039436	158 22 45
0.2487634218	31 2277 199
0.2487634218	663 664 26
0.2487634218	663 664 13
0.2487634218	31 670 199
0.2487634218	31 1121 0
0.2487634218	31 73 26
0.2487634218	29 749 26
0.2487634218	76 152 365
0.2487634218	76 233 68
0.2487634218	29 76 331
0.2487634218	29 2277 199
0.2487634218	31 7010 199
0.2487634218	11 1002 13
0.2487634218	31 73 0
0.2487634218	31 52 551
0.2487634218	591 664 13
0.2487634218	29 670 199
0.2487634218	29 749 0
0.2487634218	29 7010 199
0.2487634218	29 1121 0
0.2487634218	31 76 331
0.2487634218	76 233 10
0.2487634218	31 4 0
0.2487634218	29 76 151
0.2487634218	29 76 3014
0.2487306754	37 45 31 76 84 43
0.2477634218	2189 3252 158 22
0.2477634218	663 664 145
0.2477634218	1766 1864 365
0.2477634218	1766 1804 26
0.2477634218	6904 664 13
0.2477634218	81 82 8359 13
0.2477634218	233 1023 22
0.2477634218	1300 1027 365
0.2477634218	5165 881 45
0.2472802630	491 37 45
0.2460417865	37 31 76 84 43
0.2460417865	37 29 76 84 43
0.2450417865	45 31 2122 13 45 1186
0.2450417865	41 45 552 13
0.2450417865	45 29 2122 13 45 1186
0.2440417865	41 45 81 2520 0
0.2440417865	41 45 675 13
0.2440417865	68 2086 61 45
0.2440417865	231 105 491 13
0.2438725196	377 2116 3301
0.2430417865	37 45 673 13
0.2430417865	164 3566 145
0.2430417865	234 45 1687 13
0.2430417865	22 105 1076 13
0.2430417865	68 105 106 13
0.2430417865	41 105 6948 61
0.2430417865	132 2950 61
0.2430417865	1124 118 45 29 2122 13 45 1186
0.2430417865	234 45 6395 13
0.2430417865	231 105 260 13
0.2430417865	37 45 59 13
0.2430417865	132 701 61
0.2420417865	789 68 2014 199
0.2420417865	789 68 670 199
0.2420417865	84 93 44 49
0.2381678853	29 37 45
0.2307167255	87 45 31
0.2297165975	76 547 13 45
0.2295825344	2122 13 45 1186
0.2270866601	26 551 6
0.2270866601	45 551 664
0.2264649253	0 1002 13 45
0.2249165975	9942 105
0.2245027238	46 448
0.2217760364	43 68 2086 61
0.2205823956	37 45 29 76 84
0.2205823956	37 45 31 234
0.2188490072	45 2138 1911 2139 13
0.2188490072	26 2138 1911 2139 13
0.2188490072	45 81 82 41
0.2188490072	45 81 82 26
0.2127823956	6347 2611
0.2127164587	45 29 76 84
0.2127164587	37 29 76 84
0.2119164587	87 31 76 84
0.2073965047	37 45 29
0.2031922280	0 45 416
0.2031922280	0 45 1300
0.2031922280	365 551 31
0.2031922280	26 45 139
0.2025857667	13 31 76 233
0.2025857667	13 496 37 29
0.2025857667	0 0 52 31
0.2015033391	68 105 106
0.2015033391	26 65 2253
0.2015033391	37 45 46
0.2015033391	37 45 1863
0.2015033391	944 65 38
0.2015033391	158 22 31
0.2015033391	158 22 29
0.2015033391	0 45 327
0.2015033391	68 132 133
0.2015033391	41 132 5963
0.2015033391	0 43 643
0.2015033391	0 43 11
0.2015033391	13 45 1834
0.2015033391	13 45 3751
0.2015033391	234 45 3211 13 29
0.2015033391	0 41 227
0.2015033391	41 105 6948
0.2015033391	118 61 3129
0.2015033391	0 41 1604
0.2015033391	0 41 1127
0.2015033391	0 41 1261
0.2015033391	0 41 735
0.2015033391	0 41 4312
0.2015033391	68 105 491
0.2015033391	68 105 11005
0.2015033391	22 132 66
0.2015033391	182 49 31
0.2015033391	182 49 29
0.2015033391	22 45 2087
0.2015033391	84 43 643
0.2015033391	497 61 31
0.2015033391	84 43 760
0.2015033391	234 45 6395
0.2015033391	68 45 416
0.2015033391	26 65 1110
0.2015033391	0 118 1464
0.2015033391	0 118 1604
0.2015033391	37 45 804
0.2015033391	37 45 139
0.2015033391	43 68 69
0.2015033391	37 45 59
0.2015033391	231 105 491
0.2015033391	1324 45 1325
0.2015033391	41 45 1822
0.2015033391	41 45 48
0.2015033391	41 45 576
0.2015033391	41 45 2313
0.2015033391	0 43 44
0.2015033391	145 65 236
0.2015033391	0 43 104
0.2015033391	0 43 242
0.2015033391	0 43 1023
0.2015033391	789 68 2014
0.2015033391	789 68 670
0.2015033391	13 45 4384
0.2015033391	145 45 46
0.2015033391	0 41 4607
0.2015033391	0 41 1158
0.2015033391	0 41 1531
0.2015033391	93 68 2086
0.2015033391	231 132 133
0.2015033391	234 45 3211
0.2015033391	0 118 227
0.2015033391	43 68 3045
0.2015033391	2300 45 1048
0.2015033391	0 145 3411
0.2015033391	231 105 1144
0.2015033391	45 551 6
0.2015033391	41 45 675
0.2015033391	41 45 945
0.2015033391	13 45 2157
0.2015033391	0 41 618
0.2015033391	37 45 433
0.2015033391	789 68 1027
0.2015033391	13 45 552
0.2013677059	0 45 606
0.1959822089	37 31 76 84
0.1945332177	37 31 470
0.1945332177	365 29 664
0.1945332177	87 31 470
0.1945332177	49 31 470
0.1945332177	365 31 470
0.1928443288	41 45 81 2520
0.1926867189	76 84 43 68
0.1808848026	45 6 13
0.1808848026	26 492 13
0.1808848026	45 492 13
0.1808848026	26 6 13
0.1808848026	26 555 13
0.1808848026	45 555 13
0.1808848026	22 664 13
0.1808848026	551 29 13
0.1808848026	26 12 13
0.1791228978	0 0 789
0.1781959137	45 2087 13
0.1772547372	68 1002 13
0.1772547372	151 664 13
0.1772547372	551 664 13
0.1772547372	551 6 13
0.1772547372	22 350 13
0.1772547372	105 580 13
0.1772547372	68 2086 61
0.1760417865	68 105 580 13
0.1754928324	0 93 164
0.1734639732	31 22 350 13
0.1711411996	29 76 555 13
0.1711411996	29 76 84
0.1677634218	1911 492 13
0.1639959137	26 547 13
0.1639959137	45 664 13
0.1639959137	26 664 13
0.1639113210	76 26 65
0.1639113210	31 944 45
0.1639113210	29 234 45
0.1639113210	29 944 45
0.1639113210	31 234 45
0.1639113210	31 26 551
0.1639113210	31 231 105
0.1639113210	29 0 43
0.1610417865	84 43 44 49
0.1605335432	7010 199 45
0.1605335432	670 199 43
0.1605335432	29 84 43
0.1605335432	2730 13 45
0.1605335432	44 37 45
0.1605335432	776 365 45
0.1605335432	75 37 45
0.1605335432	3626 61 45
0.1605335432	260 13 45
0.1605335432	6975 145 45
0.1605335432	29 272 13
0.1605335432	1002 13 65
0.1605335432	643 37 45
0.1605335432	4547 61 45
0.1605335432	350 13 105
0.1605335432	2594 13 45
0.1605335432	233 649 355
0.1605335432	1023 22 132
0.1605335432	2187 13 45
0.1605335432	1023 22 45
0.1605335432	8760 41 45
0.1605335432	1023 22 105
0.1605335432	2212 118 45
0.1605335432	6848 37 45
0.1605335432	236 118 45
0.1605335432	466 13 45
0.1605335432	2820 87 45
0.1605335432	4466 13 45
0.1605335432	2122 13 45
0.1605335432	1842 145 65
0.1605335432	1435 13 45
0.1605335432	4656 365 45
0.1605335432	4032 13 45
0.1605335432	1203 61 45
0.1605335432	2277 199 43
0.1605335432	2277 199 45
0.1605335432	635 13 45
0.1605335432	3 118 61
0.1605335432	267 37 45
0.1605335432	747 41 45
0.1605335432	2139 13 45
0.1605335432	74 13 45
0.1605335432	670 199 45
0.1605335432	2990 13 45
0.1605335432	1316 13 45
0.1605335432	86 87 45
0.1605335432	2860 13 45
0.1605335432	4766 231 105
0.1605335432	1842 22 45
0.1605335432	76 773 68
0.1605335432	561 61 45
0.1605335432	350 13 65
0.1605335432	643 22 105
0.1605335432	4538 13 45
0.1605335432	941 37 45
0.1605335432	1147 158 22
0.1605335432	76 182 49
0.1605335432	96 61 45
0.1605335432	1523 41 45
0.1605335432	31 84 43
0.1605335432	31 84 93
0.1605335432	670 199 789
0.1603658483	45 2804 13
0.1475956398	45 29 22
0.1470925926	231 1124 118 45
0.1451380828	234 29 26
0.1451380828	0 1002 13
0.1451380828	45 7210 13
0.1451380828	365 29 22
0.1451380828	45 29 234
0.1451380828	49 29 37
0.1451380828	365 29 37
0.1434491939	45 2163 13 2416 13
0.1434491939	45 3852 13
0.1434491939	105 6948 61
0.1434491939	68 776 365
0.1434491939	45 1194 13
0.1434491939	45 642 13
0.1434491939	26 1864 365
0.1434491939	45 2414 13
0.1434491939	43 1180 45
0.1434491939	43 44 49
0.1434491939	26 2371 13
0.1434491939	68 2866 365
0.1434491939	43 86 87
0.1434491939	164 747 41
0.1434491939	43 1023 22
0.1434491939	45 1006 68
0.1434491939	45 795 199
0.1434491939	13 9313 37
0.1434491939	68 3045 365
0.1434491939	231 4170 61
0.1434491939	45 2163 13
0.1434491939	45 294 13
0.1434491939	45 211 13
0.1434491939	22 492 13
0.1434491939	61 3129 45
0.1434491939	68 350 13
0.1434491939	68 2042 61
0.1434491939	41 8502 13
0.1434491939	45 1687 13
0.1434491939	45 3200 0
0.1434491939	45 236 13
0.1434491939	45 1104 13
0.1434491939	105 106 37
0.1434491939	45 1057 13
0.1434491939	118 5060 13
0.1434491939	2300 29 26
0.1434491939	105 7256 13
0.1434491939	132 5963 49
0.1434491939	105 254 13
0.1434491939	65 3542 41
0.1434491939	41 4547 61
0.1434491939	61 1263 105
0.1434491939	0 1203 61
0.1434491939	43 11 105
0.1434491939	43 11 45
0.1434491939	61 236 49
0.1434491939	68 4583 365
0.1434491939	61 236 118
0.1434491939	105 2149 13
0.1434491939	151 6 13
0.1434491939	105 491 37
0.1434491939	41 1423 13
0.1434491939	45 1973 13
0.1434491939	68 2942 365
0.1434491939	348 1023 22
0.1434491939	45 675 13
0.1434491939	45 1523 13
0.1434491939	164 1023 22
0.1434491939	26 1986 365
0.1434491939	43 242 65
0.1434491939	43 242 105
0.1434491939	45 4486 13
0.1434491939	45 2501 13
0.1434491939	43 637 65
0.1434491939	43 104 45
0.1434491939	45 6674 13
0.1434491939	68 316 41
0.1434491939	45 59 13
0.1434491939	234 29 37
0.1434491939	68 209 365
0.1434491939	93 44 49
0.1434491939	45 4387 13
0.1434491939	45 7929 13
0.1434491939	68 152 365
0.1434491939	45 7504 13
0.1434491939	45 433 13
0.1434491939	45 144 145
0.1434491939	43 44 37
0.1434491939	45 48 13
0.1434491939	45 32009 13
0.1434491939	41 1166 49
0.1434491939	68 2128 41
0.1434491939	22 2087 13
0.1434491939	68 1027 365
0.1434491939	551 7210 13
0.1434491939	68 1027 41
0.1434491939	105 4663 13
0.1434491939	45 2441 13
0.1434491939	45 1300 68
0.1434491939	45 38 13
0.1434491939	68 2086 22
0.1434491939	45 1833 13
0.1434491939	45 882 13
0.1434491939	13 9313 26
0.1434491939	45 62 13
0.1434491939	61 62 37
0.1434491939	41 7017 61
0.1434491939	41 740 26
0.1434491939	45 3864 13
0.1434491939	348 1842 22
0.1434491939	45 1939 13
0.1434491939	61 3129 105
0.1434491939	68 2739 365
0.1434491939	26 1023 22
0.1434491939	41 2870 145
0.1434491939	87 651 61
0.1434491939	68 2002 365
0.1434491939	45 3270 13
0.1434491939	43 643 145
0.1434491939	105 1901 13
0.1434491939	231 1002 13
0.1434491939	45 6395 13
0.1434491939	43 643 49
0.1434491939	68 2211 365
0.1434491939	105 260 13
0.1434491939	551 2087 13
0.1434491939	45 3542 13
0.1434491939	43 96 61
0.1434491939	45 1783 0
0.1434491939	45 12634 13
0.1434491939	45 8545 13
0.1434491939	41 7349 61
0.1434491939	45 2313 13
0.1434491939	61 236 145
0.1434491939	61 6298 22
0.1434491939	105 1076 13
0.1423761781	0 944 45
0.1423761781	0 0 213
0.1407164587	45 31 76 84
0.1406872892	22 585 22
0.1406872892	43 164 355
0.1406872892	43 231 45
0.1406872892	1124 118 45
0.1406872892	93 68 105
0.1406872892	84 93 68
0.1406872892	117 118 61
0.1406872892	199 789 672
0.1406872892	773 649 355
0.1406872892	37 45 1186
0.1406872892	0 199 1186
0.1406872892	0 944 65
0.1406872892	199 43 649
0.1406872892	199 43 68
0.1406872892	199 43 672
0.1406872892	216 789 68
0.1406872892	43 117 61
0.1406872892	585 22 45
0.1406872892	807 13 45
0.1406872892	0 789 68
0.1406872892	0 504 45
0.1406872892	0 291 68
0.1406872892	789 672 458
0.1406872892	41 773 43
0.1406872892	26 164 355
0.1406872892	164 355 105
0.1406872892	0 3250 13
0.1406872892	231 348 45
0.1406872892	199 789 68
0.1406872892	89 43 68
0.1406872892	43 68 348
0.1406872892	216 43 68
0.1406872892	3250 13 45
0.1406872892	0 497 61
0.1406872892	231 105 551
0.1406872892	41 45 1186
0.1406872892	0 43 10
0.1406872892	0 93 231
0.1406872892	0 43 151
0.1406872892	0 93 68
0.1406872892	13 45 1186
0.1406872892	0 43 348
0.1332198204	2520 0
0.1095033391	84 43 44
0.1095033391	84 93 44
0.1095033391	22 105 580
0.1095033391	26 551 664
0.1095033391	43 68 2086
0.1095033391	37 45 38
0.0795335432	2087 13 45
0.0624491939	26 1745 365
0.0624491939	105 255 13
0.0624491939	105 106 13
0.0624491939	45 673 13
0.0616872892	84 43 68
0.0616872892	0 43 231
