0.9437496894	31 37 45 29
0.9181456793	29 37 45 31
0.9181456793	29 13 45 31 76
0.9181456793	31 13 29 76
0.9181456793	29 13 31 76
0.8753156140	29 76 31 76
0.8753156140	31 76 29 76
0.8434751796	31 37 29 76
0.8357360801	31 26 45 29
0.8242484854	31 49 29 76
0.8208711695	29 37 45 31 76
0.8144249560	31 470 29 76
0.8144249560	31 76 29 470
0.8144249560	29 470 31 76
0.8137789624	365 31 13 29
0.8134249560	31 547 29 76
0.8134249560	492 13 45 29
0.8134249560	492 13 45 31
0.8134249560	76 555 13 45 29
0.8134249560	491 37 45 29
0.8134249560	12 13 29 76
0.8134249560	881 45 29 76
0.8134249560	547 13 31 76
0.8134249560	547 13 29 76
0.8134249560	491 37 31 76
0.8134249560	29 555 31 76
0.8134249560	29 76 551 31
0.8134249560	664 13 31 76
0.8134249560	31 6 29 76
0.8134249560	29 547 31 76
0.8134249560	6 13 31 76
0.8134249560	881 45 31 76
0.8010518566	1002 13 45 416
0.8010518566	2028 29 26 4337
0.7990518566	3554 3489 3551
0.7990518566	3367 3275
0.7990518566	839 17315
0.7990518566	8413 4075
0.7990518566	1189 3260
0.7990518566	7430 2363
0.7990518566	1070 1391
0.7990518566	607 2604
0.7990518566	6612 2592
0.7990518566	9985 1599
0.7990518566	11429 3857
0.7990518566	6638 2013
0.7990518566	5180 1906
0.7990518566	3474 3584
0.7990518566	3448 3449 12770
0.7990518566	7209 8359 2363
0.7990518566	496 111
0.7990518566	21 6848
0.7990518566	8359 2363
0.7990518566	1807 39808
0.7990518566	2028 8413 4075 26 4337
0.7986444754	664 31 13 29
0.7986444754	664 13 29 31
0.7967032989	31 26 29 470
0.7897621224	664 13 45 31 76
0.7888209459	664 13 45 29 76
0.7888209459	2503 13 29 31
0.7888209459	29 664 31 76
0.7888209459	29 6 31 76
0.7888209459	664 13 29 76
0.7888209459	31 76 6 13 29 76
0.7888209459	2363 13 45 29 76
0.7888209459	2503 13 29 76
0.7888209459	31 664 29 76
0.7881749523	13 45 31 29 76
0.7881749523	13 29 76 31 76
0.7881749523	0 29 76 31
0.7881749523	0 31 76 29
0.7881749523	41 29 76 31
0.7881749523	13 29 31 76
0.7881749523	13 29 0 31 76
0.7764478465	2086 365 29 7210 31
0.7764478465	2086 365 31 7210 29
0.7744478465	7 13333
0.7744478465	8101 69270
0.7744478465	581 7981
0.7744478465	12770 1227 3277
0.7744478465	398 255
0.7744478465	7 2287
0.7735948906	31 76 45 555 13 29
0.7735948906	31 76 6 13 29
0.7735948906	29 76 6 13 31
0.7725948906	31 76 551 6 13 29
0.7725948906	12 26 6 13 31
0.7725948906	664 26 6 13 31
0.7725948906	2087 13 45 29
0.7725948906	29 111 37 31
0.7725948906	31 76 551 664 13 29
0.7725948906	31 76 555 13 29 76
0.7725948906	29 76 555 13 31
0.7725948906	12 26 6 13 29
0.7725948906	29 76 547 13 31
0.7725948906	31 111 37 29
0.7725948906	2363 13 45 29
0.7725948906	664 26 6 13 29
0.7725948906	31 76 12 13 29
0.7725948906	31 76 555 13 29
0.7725948906	547 13 45 31
0.7725948906	2087 13 45 31
0.7725948906	555 13 45 29
0.7725948906	555 13 45 31
0.7725948906	31 76 547 13 29
0.7724446415	31 76 26 45
0.7689060017	29 272 13 31
0.7612217912	29 111 13 21 26 418 6848 37 31
0.7612217912	29 2453 664 31
0.7612217912	31 2453 664 29
0.7612217912	31 111 13 21 26 418 6848 37 29
0.7592217912	111 13 21 26 418 19771
0.7592217912	46 47 48 7277 532
0.7592217912	1189 3260 3261
0.7592217912	3280 1044 3281
0.7592217912	3360 3458
0.7592217912	3464 3465
0.7592217912	11510 35248
0.7592217912	14059 13709
0.7592217912	1807 39106
0.7592217912	3448 3449
0.7592217912	111 13 21 26 418 6848
0.7592217912	1227 3277 3280 1044 3281
0.7592217912	8413 4075 26 31
0.7592217912	29 405 7430 2363
0.7592217912	133 6554 2044
0.7592217912	3467 1044 3708
0.7592217912	3360 3466
0.7592217912	3555 3556
0.7592217912	3305 3306
0.7592217912	1227 3277
0.7592217912	111 13 21 26 418 9481
0.7592217912	405 7430 2363 31
0.7592217912	607 2604 26 29
0.7592217912	607 2604 26 31
0.7592217912	3260 3261
0.7592217912	14059 13390
0.7568144100	31 76 45 664 13 29
0.7568144100	31 76 664 13 45 29
0.7508742787	29 76 45 31
0.7489320571	664 13 45 31
0.7489320571	664 13 45 29
0.7489320571	29 76 664 13 31
0.7489320571	31 76 664 13 29
0.7489320571	6 13 29 0 31
0.7483226912	26 31 13 29
0.7483226912	0 29 13 31
0.7483226912	0 31 13 29
0.7483226912	13 29 0 31
0.7479908806	7210 13 45 31 29
0.7479908806	7210 13 45 29 76 31
0.7479908806	7210 13 45 29 31
0.7479908806	7210 13 45 31 76 29
0.7453448870	13 45 29 76 31 76
0.7453448870	13 45 31 76 29 76
0.7453448870	13 45 31 76
0.7453448870	13 45 29 31 76
0.7453448870	13 45 29 76
0.7453187025	31 13 29 26
0.7443019917	31 26 29 470 2253
0.7406177812	8359 2363 13 45 31
0.7406177812	14599 13 45 29
0.7406177812	8359 2363 13 45 29
0.7380372711	29 145 31
0.7380372711	76 45 31
0.7380372711	29 365 31
0.7380372711	31 145 29
0.7366177812	1062 29 1062 45 416
0.7366177812	1062 31 1062 45 416
0.7346177812	9857 13 3918 31 2965 133 6554 2044
0.7346177812	9857 13 31 2965 133 6554 2044
0.7346177812	1062 29 1062 45 416 1837
0.7346177812	7 1044 31 2161
0.7346177812	3841 377 31
0.7346177812	1062 31 1062 45 416 1837
0.7346177812	7 1044 31 73
0.7346177812	3841 377 31 76
0.7156143206	31 76 45 555
0.7156143206	31 76 105 491
0.7156143206	29 76 105 491
0.7156143206	555 13 31 76
0.7124332610	76 45 29
0.7074926259	13 31 0 29
0.7052439117	29 13 45 111
0.7042777584	13 31 470 29
0.7042777584	26 29 470 31
0.7042777584	365 45 31 76
0.7042777584	26 31 470 29
0.7039301101	133 6554
0.7039301101	256 88
0.7039301101	2852 613
0.7039301101	3467 1044
0.7039301101	1911 2730
0.7039301101	416 1837
0.7039301101	133 398
0.7039301101	7236 623
0.7039301101	1911 2139
0.7039301101	1599 2852
0.7017153182	29 37 31 41
0.6982777584	49 45 31 76
0.6982777584	145 45 29 76
0.6973365819	61 29 470 31
0.6973365819	61 31 470 29
0.6973365819	87 45 31 76
0.6963365819	0 31 76 551 6
0.6963365819	365 31 547 29
0.6963365819	37 29 470 31
0.6963365819	13 29 555 31
0.6963365819	365 29 547 31
0.6963365819	22 664 13 31
0.6963365819	22 664 13 29
0.6963365819	551 31 6 29
0.6963365819	26 12 13 29
0.6963365819	551 29 664 31
0.6963365819	365 29 555 31
0.6963365819	551 664 13 29
0.6963365819	551 664 13 31
0.6963365819	87 29 470 31
0.6963365819	365 31 664 29
0.6963365819	37 31 470 29
0.6963365819	26 547 13 29
0.6963365819	551 29 6 31
0.6943365819	151 664 13 29
0.6943365819	551 29 2503 31
0.6930103106	491 37 45 31
0.6914249560	555 13 29 76
0.6903365819	551 664 26 6
0.6824018064	2363 13 45 31
0.6824018064	6 13 29 31
0.6823447315	29 76 31 0
0.6813261000	418 2027
0.6813261000	2138 12660
0.6813261000	749 1281
0.6813261000	7 1044
0.6813261000	2327 2434
0.6786737483	37 45 31 76
0.6758537272	29 26 45 31
0.6758537272	29 76 31
0.6758537272	31 76 29
0.6758537272	29 13 45 31
0.6758537272	31 13 29
0.6758537272	29 26 31
0.6758537272	31 0 29
0.6758537272	31 26 29
0.6758537272	31 0 31
0.6758537272	31 41 29
0.6758537272	31 13 45 29
0.6758537272	29 0 29
0.6745928266	29 49 31
0.6739719744	13 31 0 29 76
0.6739719744	13 31 29 76
0.6726737483	37 45 29 76
0.6717325719	26 29 7277 31
0.6717325719	0 29 6 31
0.6717325719	26 6 13 29
0.6717325719	26 6 13 31
0.6707325719	45 31 111 13 21
0.6697325719	45 29 111 13 21
0.6696650946	664 13 29 0
0.6696650946	664 13 31 0
0.6686650946	547 13 31 0
0.6686650946	31 76 105 551
0.6686650946	29 76 45 551
0.6686650946	664 13 29 87
0.6686650946	547 13 29 0
0.6686650946	29 76 105 551
0.6686650946	76 45 555 13
0.6686650946	555 13 29 0
0.6668209459	7210 13 45 29 76
0.6668209459	6 13 29 76
0.6668209459	7210 13 45 31 76
0.6657325719	551 2503 13 29
0.6655026262	31 76 29 0
0.6637325719	231 105 398 637
0.6572919952	76 551 6 13
0.6555065165	45 2804 13 31
0.6555065165	551 6 13 29
0.6555065165	551 6 13 31
0.6555065165	45 31 234 29
0.6552919952	21 26 418 6848 37
0.6535065165	158 22 29 76
0.6520610846	2211 365 31 26
0.6520610846	29 7277 31 26
0.6505065165	0 31 470 5334 1316 29
0.6505065165	0 29 470 5334 1316 31
0.6505065165	365 8413 4075 26 29
0.6505065165	13 45 46 47
0.6505065165	45 31 111 13 21 26 418 6848 37 29
0.6485065165	365 2028 8413 4075
0.6483721957	2211 365 29 26
0.6412217912	2086 365 29 7210
0.6412217912	111 13 21 26 418 6848 37 29
0.6412217912	2086 365 31 7210
0.6407627613	76 31 76
0.6381695036	532 3279
0.6356650946	31 76 6 13
0.6356650946	31 76 105 491 13
0.6356650946	31 76 492 13 45
0.6356650946	31 76 555 26
0.6356650946	31 76 555 13
0.6356650946	29 76 6 13
0.6356650946	31 76 12 13
0.6356650946	31 76 491 13
0.6356650946	29 76 491 13
0.6356650946	29 76 12 13
0.6356650946	31 76 664 13
0.6356650946	31 76 555 13 45
0.6356650946	31 76 12 26
0.6356650946	29 76 12 26
0.6351197133	45 29 31 76
0.6323980086	31 76 45 29
0.6309025065	45 29 111 37 31
0.6309025065	45 31 111 37 29
0.6309025065	45 9857 13 31
0.6308178652	29 37 31 76
0.6259908806	7210 13 45 29
0.6259908806	7210 13 45 31
0.6259025065	68 2086 365 31 7210 29
0.6259025065	365 2028 29 26 4337
0.6259025065	365 2028 31 26 4337
0.6259025065	68 2086 365 29 7210 31
0.6259025065	13 45 7 1044
0.6252919952	29 111 13 21 26 418 6848 37
0.6252919952	491 13 496 37
0.6252919952	2363 2187 13 45
0.6252919952	491 13 9313 26
0.6252919952	555 26 6 13
0.6239025065	365 2028 8413 4075 26 4337
0.6239025065	365 2028 8413
0.6232919952	3271 45 3491 145
0.6200022611	29 13 45 31 111 13
0.6195360671	76 29 76
0.6190610846	29 76 664 13
0.6130372711	29 37 31
0.6107125377	29 491 31
0.6107125377	555 29 76
0.6107125377	6 13 31
0.6107125377	12 13 29
0.6107125377	6 29 76
0.6107125377	29 76 664
0.6107125377	29 76 547
0.6107125377	31 76 664
0.6107125377	31 76 555
0.6107125377	664 31 470
0.6107125377	664 31 76
0.6107125377	76 29 470
0.6107125377	664 13 31
0.6107125377	6 13 29
0.6107125377	29 6 31
0.6107125377	31 491 29
0.6107125377	29 76 491
0.6107125377	12 31 76
0.6107125377	547 31 76
0.6107125377	6 31 76
0.6107125377	31 76 6
0.6107125377	492 13 29
0.6107125377	547 29 76
0.6107125377	31 6 29
0.6107125377	555 31 76
0.6107125377	12 13 31
0.6107125377	664 29 76
0.6107125377	52 29 76
0.6107125377	2363 29 76
0.6107125377	491 31 76
0.6107125377	31 76 491
0.6107125377	31 76 547
0.6091566029	0 31 76 547
0.6091566029	0 29 76 547
0.6091566029	0 31 76 555
0.6086879852	492 2363 13 45
0.6086879852	2138 1911 2139 13 45
0.6074332763	29 470 31 111
0.6070236488	111 37 31
0.6070236488	31 3150 29
0.6070236488	491 37 31
0.6070236488	29 470 664
0.6070236488	29 3150 31
0.6070236488	491 37 29
0.6066879852	7 1044 31 2168 0
0.6066879852	283 13 496 37
0.6066879852	1956 2820 87 45
0.6033394383	2163 13 29
0.6033394383	2730 13 31
0.6033394383	111 37 29
0.6023716992	26 664 13 29
0.6013716992	26 555 13 29
0.6013716992	45 6 13 29
0.6013716992	0 52 31 76
0.5993394383	29 8359 2363 31
0.5993394383	111 13 21
0.5993394383	2604 26 31
0.5993394383	491 13 418
0.5993394383	6 26 12
0.5993394383	29 7430 2363 31
0.5993394383	29 9192 31
0.5993394383	2211 365 31
0.5993394383	2211 365 29
0.5993394383	1701 31 76
0.5993394383	2253 13 29
0.5993394383	555 26 12
0.5993394383	29 470 6
0.5993394383	253 37 29
0.5993394383	492 2363 31
0.5993394383	2730 13 29
0.5993394383	637 365 29
0.5993394383	637 365 31
0.5993394383	31 8359 2363 29
0.5993394383	4075 26 29
0.5993394383	4075 26 31
0.5993394383	2604 26 29
0.5993394383	29 470 2138
0.5993394383	747 118 31
0.5993394383	2290 664 31
0.5993394383	31 26 1796
0.5983394383	47 48 7277 532
0.5983394383	14179 365 14180
0.5983394383	491 13 496
0.5983394383	29 405 7430
0.5983394383	8413 4075 26 4337
0.5983394383	2211 365 8413
0.5983394383	111 13 496
0.5983394383	1227 3421
0.5983394383	3489 3551
0.5983394383	9857 13 31 2965 133 6554
0.5983394383	3285 3286
0.5965178970	37 31 76 26
0.5965178970	37 29 76 26
0.5954446415	31 76 13
0.5954446415	29 76 45
0.5954446415	31 76 0
0.5954446415	31 76 26
0.5954446415	31 76 45
0.5954446415	29 76 26
0.5945767206	0 31 76 551
0.5945767206	365 31 76 105
0.5945767206	365 29 76 105
0.5889301101	1002 13 45 2501
0.5879301101	7209 7210
0.5870497041	31 664 29
0.5870497041	29 664 31
0.5865911710	31 470 29 111
0.5865525929	0 31 76 12
0.5861085276	31 7210 29
0.5861085276	7210 31 76
0.5861085276	31 76 12
0.5861085276	29 2503 31
0.5861085276	29 7210 31
0.5861085276	7210 29 76
0.5849138870	365 31 76 45
0.5841867606	31 76 45 551
0.5841867606	76 1002 13 45
0.5841867606	76 492 13 45
0.5824625340	26 31 76
0.5824625340	13 29 76
0.5824625340	13 31 76
0.5824625340	0 29 76
0.5824625340	45 29 76
0.5824625340	0 31 76
0.5824625340	26 29 76
0.5824625340	45 31 76
0.5824196388	76 45 547
0.5809611745	31 76 551 6 13
0.5809611745	664 13 29 41
0.5795525929	164 3271
0.5787354282	2503 31 76
0.5787354282	2139 13 29
0.5787354282	29 7277 31
0.5769069605	1956 2820
0.5765295940	13 45 7 1044 31
0.5764577372	29 31 76
0.5752280305	26 45 31 76
0.5747354282	7210 29 2086
0.5747354282	31 26 14059
0.5747354282	1138 365 45 7 1044 31
0.5747354282	496 37 29
0.5747354282	496 37 31
0.5747354282	7277 13 29
0.5747354282	1062 45 416
0.5747354282	29 470 2253
0.5747354282	3918 31 76
0.5747354282	70199 31 76
0.5747354282	2820 87 45 7 1044 31
0.5747354282	111 13 21 26 418
0.5747354282	34062 31 76
0.5747354282	29 26 14059
0.5747354282	7210 31 2086
0.5737354282	9857 13 3918 31 2965 133 6554
0.5737354282	7222 49 2503 13 300 2327 2434
0.5737354282	2028 26 1911
0.5737354282	1044 31 2161
0.5737354282	1044 31 73
0.5737354282	1062 3698 13 8836 1287 14370 111 25534 3574 10278
0.5737354282	29981 7222 49 2503 13 300 2327 2434
0.5737354282	8836 1287 14370 111 25534 3574
0.5737354282	2503 13 300 2327
0.5737354282	9857 13 3918
0.5737354282	1278 3918 31
0.5737354282	283 13 496
0.5737354282	39609 34329
0.5736645646	29 76 26 45
0.5735025501	2199 158
0.5715880751	31 111 13 21 26 418 6848 37 29 41
0.5685416339	45 31 41 46
0.5653261000	398 637
0.5651190693	6 13 31 0
0.5651190693	6 13 29 26
0.5648174370	29 0 31 76
0.5648174370	31 0 29 76
0.5615767206	0 29 76 547 13
0.5615767206	0 31 76 6 13
0.5565767206	26 418 6848 37
0.5557459699	1062 31 1062 45
0.5557459699	1062 29 1062 45
0.5549611745	31 470 29 111 13
0.5549611745	29 470 31 111 13
0.5526655033	45 29 41 45
0.5526655033	45 31 41 45
0.5526655033	13 45 29 26
0.5526392818	1124 118 45 29 2122
0.5518537272	31 29 76
0.5518537272	29 0 31
0.5518537272	29 13 31
0.5506392818	0 93 164 3271
0.5502658983	29 13 31 26
0.5495928266	31 49 29
0.5488732139	152 365 31 76
0.5476102729	13 45 31 29
0.5476102729	13 45 29 31
0.5476102729	13 31 29
0.5476102729	13 29 31
0.5458732139	2028 31 26 4337
0.5458732139	2820 87 45 31
0.5458732139	1138 365 45 31
0.5458732139	76 84 43 643
0.5458732139	52 31 76 133
0.5458732139	664 13 45 81
0.5449727105	45 31 283 13
0.5449727105	0 31 76 547 13
0.5449727105	45 29 283 13
0.5449727105	45 29 111 13
0.5438732139	2028 8413 4075
0.5438732139	2309 496 111
0.5438732139	1633 2189 1278
0.5438732139	46 47 48
0.5438732139	46 47 2605
0.5438732139	46 47 2743
0.5438732139	5881 33158 23651
0.5438732139	46 311
0.5438732139	46 47
0.5438732139	14300 2849
0.5438732139	12403 4955
0.5438732139	7291 59
0.5438732139	6449 1144
0.5438732139	1099 6948
0.5438732139	421 267
0.5438732139	1841 1854
0.5438732139	496 2310
0.5438732139	577 1285
0.5438732139	2242 1057
0.5438732139	1220 75
0.5438732139	652 4846
0.5438732139	908 3288
0.5438732139	7215 7216
0.5438732139	1025 4935
0.5438732139	2569 5165
0.5438732139	1871 1866
0.5438732139	3000 3001
0.5438732139	3002 1599
0.5438732139	887 1023
0.5438732139	2138 1911
0.5438732139	1702 5053
0.5438732139	1313 9275
0.5438732139	1628 1370
0.5438732139	1313 7770
0.5438732139	2462 1523
0.5438732139	5345 2409
0.5438732139	7926 7590
0.5438732139	3589 3590
0.5438732139	2881 851
0.5438732139	435 34106
0.5438732139	3833 4985
0.5438732139	1796 39543
0.5438732139	1796 7647
0.5438732139	435 34069
0.5438732139	1796 19937
0.5438732139	2309 172
0.5438732139	592 593
0.5438732139	932 111
0.5438732139	13744 614
0.5438732139	11375 4985
0.5438732139	517 590
0.5438732139	517 6848
0.5438732139	2641 3224
0.5438732139	517 5059
0.5438732139	11257 8359
0.5438732139	33158 23651
0.5438732139	3681 16505
0.5438732139	2087 1278
0.5438732139	2363 2187
0.5438732139	1970 1971
0.5438732139	3681 16564
0.5438732139	1816 492
0.5438732139	2087 2860
0.5438732139	848 8773
0.5438732139	848 10481
0.5438732139	10334 13089
0.5438732139	1807 41066
0.5438732139	2289 2287
0.5438732139	2189 1278
0.5438732139	3860 6159
0.5438732139	1370 461
0.5438732139	1470 3511
0.5438732139	2357 62377
0.5438732139	634 5386
0.5438732139	81 10029
0.5438732139	484 1881
0.5438732139	634 417
0.5438732139	7 2301
0.5438732139	3300 377 2116
0.5438732139	896 3423
0.5438732139	2852 2860
0.5438732139	607 13138
0.5438732139	21 5059
0.5438732139	260 75
0.5438732139	5334 1316
0.5438732139	642 580
0.5438732139	8359 10208
0.5438732139	7608 2163
0.5438732139	4274 11562
0.5429727105	365 2028 29 26
0.5429727105	365 2028 31 26
0.5399727105	45 416 1837 13
0.5383757694	45 31 29 76
0.5383757694	26 29 13 31
0.5320001971	31 76 41
0.5304147275	61 31 76 45
0.5290180896	41 31 76
0.5280352718	1124 118 45 31 2122
0.5210431485	2138 1911 2139 13 31
0.5210431485	664 26 2138 1911
0.5210431485	2138 1911 2139 13 29
0.5210431485	31 41 46 47
0.5196650946	31 76 45 555 13
0.5196650946	31 76 492 13
0.5196650946	31 76 547 13
0.5194835840	1002 13 45 218
0.5190431485	3300 377 2116 3301
0.5190431485	576 2852 2853
0.5190431485	7567 334 1974
0.5190431485	2138 7172 2139
0.5190431485	470 5334 1316
0.5190431485	2163 13 15497
0.5190431485	2642 194 2643
0.5190431485	577 1285 14737
0.5190431485	10647 11609
0.5190431485	3289 3290
0.5190431485	3608 3609
0.5190431485	3427 3428
0.5190431485	2884 2885
0.5190431485	2881 2906
0.5190431485	2779 2796
0.5190431485	2108 2109
0.5190431485	35423 35424
0.5190431485	3497 3466
0.5190431485	1976 1887
0.5190431485	3686 1585
0.5190431485	14316 30259
0.5190431485	2825 1909
0.5190431485	3258 3259
0.5190431485	81 82
0.5190431485	81 7345
0.5190431485	12 26 2138 1911 2139
0.5190431485	3280 1044 3281 3368 3369
0.5190431485	8413 4075 26 29
0.5190431485	491 13 498 8773
0.5190431485	12 26 2138 1911
0.5190431485	7277 532 7278
0.5190431485	2138 2209 2139
0.5190431485	3461 484 3259
0.5190431485	2138 9432 2139
0.5190431485	1911 663 664
0.5190431485	421 6107 7908
0.5190431485	1970 1971 1972
0.5190431485	421 663 664
0.5190431485	634 5386 417
0.5190431485	2871 2910
0.5190431485	5881 33158
0.5190431485	3846 3944
0.5190431485	3631 1989
0.5190431485	3501 1576
0.5190431485	3302 3290
0.5190431485	3308 3309
0.5190431485	2126 4748
0.5190431485	3260 4198
0.5190431485	3519 3594
0.5190431485	3575 3576
0.5190431485	3605 3606
0.5190431485	1961 1962
0.5190431485	2970 6093
0.5190431485	4989 590
0.5190431485	3804 3805
0.5190431485	2642 194
0.5190431485	3592 9578
0.5190431485	3592 3593
0.5190431485	21347 7024
0.5190431485	634 644
0.5187290429	0 29 76 551
0.5176655033	26 29 13 45
0.5169762058	664 26 6 13
0.5141917202	0 29 76 664
0.5141917202	37 45 29 111
0.5141917202	13 29 76 233
0.5141917202	0 31 76 6
0.5141917202	0 31 76 664
0.5141917202	365 29 664 31
0.5137856500	26 29 6 31
0.5127856500	45 555 13 29
0.5112919952	31 111 13 21 26 418 6848 37
0.5101583382	76 664 13 29
0.5091633607	29 470 31 26
0.5072635985	0 0 0 0 0 0 0 0
0.5072635985	0 0 0 0 0 0
0.5071113082	29 76 41
0.5045988881	26 29 76 45
0.5045988881	26 31 76 45
0.5040022611	31 76 664 13 45
0.5040022611	31 76 45 664 13
0.5032468568	0 31 76 664 13
0.5015474476	29 76 105
0.5002810077	29 555 31 26
0.4995653401	61 29 76
0.4966062711	31 76 68
0.4956650946	29 76 68
0.4956650946	29 76 145
0.4956650946	31 76 145
0.4956650946	31 76 22
0.4956650946	31 76 49
0.4955653401	68 31 76
0.4951880242	41 29 76
0.4946650946	29 76 551 664 13
0.4946650946	664 31 26
0.4946650946	29 491 13
0.4946650946	664 29 26
0.4946650946	29 547 26
0.4946650946	76 664 13
0.4946650946	555 31 26
0.4946650946	31 491 13
0.4946650946	29 76 43
0.4946650946	29 76 49
0.4946650946	29 76 551
0.4946650946	29 555 26
0.4946650946	31 547 26
0.4946650946	31 76 93
0.4946650946	31 76 551
0.4946650946	6 31 26
0.4946650946	29 111 13
0.4946650946	31 111 13
0.4946650946	29 76 22
0.4946650946	31 76 43
0.4946241636	68 29 76
0.4946241636	145 31 76
0.4946241636	49 31 76
0.4946241636	37 31 76
0.4946241636	22 31 76
0.4946241636	37 29 76
0.4946241636	45 31 470
0.4946241636	365 29 76
0.4939174519	31 37 29
0.4937268265	45 664 13 31
0.4937268265	45 664 13 29
0.4936241636	26 6 29
0.4936241636	45 416 29
0.4936241636	145 29 470
0.4936241636	41 31 470
0.4936241636	118 31 470
0.4936241636	45 29 41 46
0.4936241636	26 31 470
0.4936241636	13 29 470
0.4936241636	13 31 470
0.4936241636	199 31 76
0.4936241636	45 29 470
0.4936241636	45 29 405
0.4936241636	45 29 7210
0.4936241636	0 31 470
0.4936241636	26 6 31
0.4936241636	26 29 470
0.4936241636	45 31 7210
0.4936241636	0 29 470
0.4936241636	87 29 76
0.4936241636	49 29 76
0.4936241636	22 29 76
0.4936241636	41 29 470
0.4936241636	118 29 76
0.4936241636	45 31 654
0.4933496149	87 45 29 111
0.4916241636	45 29 144
0.4916241636	365 29 555
0.4916241636	45 29 654
0.4916241636	45 29 253
0.4916241636	377 31 76
0.4909762058	76 555 26
0.4887125377	31 76 492
0.4887125377	881 45 29
0.4887125377	547 13 29
0.4887125377	29 76 12
0.4887125377	555 13 31
0.4887125377	31 547 29
0.4887125377	29 547 31
0.4887125377	555 13 29
0.4887125377	881 45 31
0.4887125377	547 13 31
0.4886241636	45 29 1396
0.4886241636	45 31 1396
0.4886241636	551 29 6
0.4886241636	551 31 6
0.4882919952	76 547 26
0.4877986300	13390 26
0.4876241636	0 1773 14178 519
0.4874835840	12 13 45 2163 13
0.4858846140	31 76 61
0.4849396496	13 29 26 45
0.4842919952	492 2363 13
0.4842919952	76 2087 13
0.4842919952	52 664 13
0.4842919952	416 664 13
0.4842919952	31 2168 0
0.4842919952	76 2371 13
0.4839434376	29 76 61
0.4832919952	2211 365 8413 4075 26
0.4832919952	21 26 418 19771 0
0.4793394383	12 26 6
0.4793394383	664 26 6
0.4793394383	555 26 6
0.4793394383	21 26 418 6848
0.4792526734	29 13 45 111 13
0.4781579392	87 31 470 29
0.4781579392	49 29 470 31
0.4781579392	49 31 470 29
0.4781579392	87 45 29 76
0.4781579392	365 29 470 31
0.4781579392	365 31 470 29
0.4780610846	7210 29 41
0.4780610846	29 664 26
0.4780610846	2503 31 26
0.4780610846	7210 31 41
0.4771579392	26 1745 365 29
0.4755377448	0 0 0 0
0.4743721957	7210 29 61
0.4743721957	7210 31 61
0.4741579392	43 44 49 29
0.4729611745	6 13 29 0
0.4721579392	218 4314
0.4721579392	377 2116
0.4721579392	504 1418
0.4721579392	2391 5420
0.4721579392	1186 2117
0.4721579392	1167 1418
0.4721579392	349 2263
0.4716879852	31 283 13
0.4716879852	29 283 13
0.4705409832	45 31 26 45
0.4705409832	13 31 26 45
0.4703824168	45 29 76 31 76
0.4703824168	13 29 76 31
0.4703824168	13 45 29 76 31
0.4703824168	45 31 76 29 76
0.4703824168	13 31 76 29
0.4703824168	0 0 29 76
0.4703824168	26 45 29 76
0.4703824168	13 45 31 76 29
0.4703824168	0 0 31 76
0.4690201536	145 29 76
0.4690201536	13 29 555
0.4690201536	13 664 31
0.4690201536	118 31 76
0.4677094858	87 45 31 41
0.4676879852	70199 31 26
0.4676879852	7277 31 26
0.4670201536	45 29 111 13 21 26 418
0.4670201536	551 664 31
0.4670201536	13 3918 31
0.4670201536	45 31 111 13 21 26 418
0.4666879852	2122 13 45 1186 211 2211 365
0.4657683093	22 664 13 45
0.4657683093	68 1002 13 45
0.4657683093	87 45 31 111 13
0.4657683093	45 551 664 13
0.4657683093	26 45 139 13
0.4657683093	87 45 29 111 13
0.4657683093	45 2087 13 45
0.4657683093	26 492 13 45
0.4641085276	664 13 29
0.4641085276	2503 13 29
0.4640201536	365 45 7 1044 31 2168
0.4640201536	87 45 7 1044 31 73
0.4640201536	0 7 1044 31
0.4640201536	87 45 7 1044
0.4640201536	26 45 7 1044
0.4640201536	365 2028 29
0.4640201536	45 9857 13 3918 31
0.4640201536	45 7 1044 31
0.4640201536	365 70199 31
0.4640201536	0 31 8101
0.4640201536	37 29 405
0.4640201536	365 2503 31
0.4640201536	365 2028 31
0.4637683093	68 105 580 13 45
0.4637683093	22 105 580 13 45
0.4637683093	231 1002 13 45
0.4637683093	26 551 6 13
0.4637683093	87 45 139 13
0.4633768544	44 37 45 31
0.4632742499	377 9536
0.4630201536	365 105 3393 27594
0.4625025501	3841 377
0.4619727105	45 31 111 37
0.4606926439	75 37 45 31
0.4556926439	4337 1807
0.4556926439	460 461
0.4556926439	1138 365 45 7
0.4556926439	3285 3286 3305
0.4556926439	46 47 97
0.4556926439	3489 3551 3447
0.4556926439	46 1162
0.4556926439	44 16193
0.4556926439	5386 417
0.4556926439	2852 2853
0.4556926439	1004 989
0.4556926439	1766 1936
0.4556926439	576 577
0.4556926439	1147 1168
0.4556926439	421 6107
0.4556926439	621 491
0.4556926439	3461 484
0.4556926439	623 2545
0.4556926439	1303 17893
0.4556926439	652 133
0.4556926439	1911 1936
0.4556926439	2209 2139
0.4556926439	1029 461
0.4556926439	5163 5164
0.4556926439	4475 1300
0.4556926439	2209 492
0.4556926439	3006 654
0.4556926439	416 7984
0.4556926439	6107 7908
0.4556926439	418 19771
0.4556926439	664 13744
0.4556926439	416 6923
0.4556926439	416 10006
0.4556926439	2396 881
0.4556926439	133 6449
0.4556926439	461 3717
0.4556926439	133 23041
0.4556926439	2138 9432
0.4556926439	2138 2209
0.4556926439	7277 532
0.4556926439	7136 111
0.4556926439	674 1300
0.4556926439	2309 139
0.4556926439	2309 496
0.4556926439	14386 7101
0.4556926439	66 491
0.4556926439	6700 654
0.4556926439	532 7278
0.4556926439	283 2852
0.4556926439	330 275
0.4556926439	244 270
0.4556926439	2363 2585
0.4556926439	1971 1972
0.4556926439	7868 496
0.4556926439	1816 2730
0.4556926439	1048 461
0.4556926439	1045 4582
0.4556926439	954 270
0.4556926439	38 5269
0.4556926439	1905 7236
0.4556926439	3331 1766
0.4556926439	2189 1147
0.4556926439	2189 3252
0.4556926439	1281 1842
0.4556926439	46 47 48 7277
0.4556926439	46 47 303
0.4556926439	46 3148
0.4556926439	1845 1300
0.4556926439	1147 2909
0.4556926439	9528 133
0.4556926439	418 9481
0.4556926439	417 635
0.4556926439	3280 1044
0.4556926439	418 5679
0.4556926439	11505 139
0.4556926439	2138 7172
0.4556926439	2028 8413
0.4556926439	977 144
0.4556926439	2308 139
0.4556926439	5366 461
0.4556926439	171 139
0.4556926439	1972 623
0.4556926439	1043 2313
0.4556926439	2910 2936
0.4553664046	0 0 789 68
0.4553664046	0 43 68 105
0.4553664046	0 43 68 45
0.4553664046	0 43 231 45
0.4551054758	37 45 29 41
0.4551054758	37 45 31 41
0.4547354282	7 1044 31 2168
0.4523278739	45 31 41 46 47
0.4516362303	29 0 0
0.4516362303	31 61 45
0.4516362303	29 0 41
0.4516362303	31 26 105
0.4516362303	29 41 45
0.4516362303	31 0 41
0.4516362303	31 41 45
0.4516362303	29 61 45
0.4513664046	0 43 68 348
0.4513278739	158 22 31 76
0.4493278739	145 45 416 38
0.4493278739	41 45 46 47
0.4493278739	13 45 81 82
0.4493278739	61 45 81 82
0.4493278739	41 45 81 82
0.4493278739	45 31 76 84 43 44
0.4493278739	105 106 13 29
0.4491642993	13 45 31 111 13
0.4473278739	234 2087 2860 29
0.4473278739	41 45 81 293
0.4473278739	0 31 470 5334 1316 29 20306
0.4473278739	0 29 470 5334 1316 31 20306
0.4473278739	41 46 47 97
0.4473278739	41 46 47 303
0.4473278739	105 254 13 954
0.4473278739	105 255 13 21
0.4473278739	13 45 81 293
0.4471642993	45 673 13 45
0.4455767206	0 31 76 555 13
0.4425767206	45 29 111 13 21 26 418 6848 37
0.4395102912	29 0 45
0.4395102912	31 0 45
0.4395102912	31 0 0
0.4388732139	12 13 45 2163
0.4387652339	61 45 29
0.4387652339	41 45 31
0.4387652339	41 45 29
0.4387652339	61 45 31
0.4387652339	0 0 29
0.4378732139	243 270
0.4378732139	2138 1911 2139
0.4378732139	592 2368
0.4378732139	498 8773
0.4360388606	365 29 76 45
0.4335301557	45 31 76 29
0.4335301557	45 29 76 31
0.4327683093	37 45 139 13
0.4327683093	13 45 2163 13
0.4327683093	105 491 37 45
0.4326392818	0 43 68 2086
0.4325468475	13 29 470 31
0.4307683093	13 45 552 13
0.4307683093	22 350 13 45
0.4307683093	37 45 673 13 45
0.4307683093	41 45 2313 13
0.4307683093	105 580 13 45
0.4297683093	118 45 2163 13
0.4297683093	551 12 26 6 13
0.4297683093	0 43 68 2086 61
0.4297683093	68 2086 365 45
0.4297683093	231 105 491 13
0.4297683093	43 68 2086 365
0.4289727105	45 31 111 13
0.4289727105	45 29 111 37
0.4277683093	164 3271 45 3419 145
0.4277683093	145 1147 158 22
0.4236850266	31 470 29 26
0.4232054062	29 76 233 68
0.4232054062	31 76 233 68
0.4199908609	2116 3553
0.4199908609	81 2520
0.4199908609	7291 39539
0.4199908609	81 20396
0.4193664046	84 43 68 105
0.4193664046	0 93 164 348
0.4188323068	31 76 233 649
0.4179129728	0 0 31
0.4179129728	0 45 29
0.4179129728	0 45 31
0.4179129728	26 45 29
0.4162805508	45 492 13 45
0.4162805508	26 555 13 45
0.4162805508	13 45 111 13
0.4162805508	26 2087 13 45
0.4162805508	45 555 13 45
0.4161642993	37 45 29 111 13
0.4161642993	551 29 13 45
0.4161642993	37 45 31 111 13
0.4161642993	13 45 139 13
0.4161642993	45 664 13 45
0.4161642993	551 664 13 45
0.4158323068	1911 492 13 45
0.4158323068	29 76 233 649
0.4158026737	76 45 664 13
0.4158026737	664 13 29 26
0.4145767206	45 81 2520 0
0.4138323068	1073 478
0.4138323068	3076 724
0.4134484215	13 29 37 45
0.4131642993	551 7210 13 45
0.4131642993	22 350 13 105
0.4131642993	0 45 606 68
0.4131642993	45 8359 2363 13 45
0.4130431485	81 293
0.4120855758	0 29 76 45
0.4120855758	45 31 76 26
0.4120855758	45 31 76 45
0.4120855758	13 31 76 45
0.4120855758	13 31 76 26
0.4120855758	13 29 76 45
0.4120855758	13 29 76 26
0.4120855758	0 31 76 45
0.4120855758	26 29 76 26
0.4120855758	45 29 76 26
0.4111642993	231 105 398 637 365
0.4111642993	164 3271 45 3491 145
0.4066411313	13 29 76 41
0.4063796221	37 45 31 76 26
0.4051917202	37 45 31 111
0.4045338950	31 87 29
0.4035338950	31 1062 29
0.4035338950	31 1911 29
0.4035338950	1027 45 29
0.4035338950	1168 31 76
0.4035338950	31 12 29
0.4035338950	29 234 31
0.4035338950	29 52 31
0.4035338950	2087 13 31
0.4035338950	29 76 6
0.4035338950	2363 13 29
0.4035338950	29 555 31
0.4035338950	1168 29 76
0.4035338950	29 1911 31
0.4035338950	31 76 1002
0.4035338950	31 76 133
0.4035338950	31 76 46
0.4035338950	29 12 31
0.4035338950	31 41 46
0.4035338950	29 1140 31
0.4035338950	29 519 31
0.4035338950	31 555 29
0.4035338950	31 234 29
0.4035338950	31 519 29
0.4035338950	29 76 1168
0.4035338950	29 76 133
0.4035338950	31 52 29
0.4035338950	31 1140 29
0.4035338950	2363 31 76
0.4035338950	52 31 76
0.4035338950	492 13 31
0.4018450061	31 76 2138
0.4018450061	2087 13 29
0.4004384456	45 7210 13 45
0.4004384456	26 12 13 45
0.3989727105	45 8359 2363 13
0.3988323068	31 76 84 93
0.3988323068	29 76 84 93
0.3988323068	1911 2139 13 45
0.3988323068	491 13 2313 37
0.3984384456	68 1138 365 45
0.3981607956	1180 45 29
0.3981607956	29 76 896
0.3981607956	29 76 2277
0.3981607956	519 31 76
0.3981607956	31 2545 29
0.3981607956	104 45 31
0.3981607956	1180 45 31
0.3981607956	31 76 2277
0.3979727105	551 8359 2363 13
0.3969191367	365 31 76 233
0.3968323068	491 13 9313 37
0.3968323068	643 312 49
0.3968323068	14386 7101 118
0.3968323068	1804 26 1864 365
0.3968323068	1281 1842 145 65
0.3968323068	9476 8359 13
0.3961607956	6948 61 31
0.3961607956	6948 61 29
0.3961607956	29 26 1796
0.3961607956	5595 365 29
0.3961607956	2739 365 29
0.3961607956	1027 365 31
0.3961607956	1027 365 29
0.3961607956	2413 31 76
0.3961607956	2313 37 31
0.3961607956	76 233 11
0.3961607956	31 2453 664
0.3961607956	664 26 2138
0.3961607956	29 26 4337
0.3961607956	5963 49 31
0.3961607956	1804 365 31
0.3961607956	4486 13 29
0.3961607956	643 145 31
0.3961607956	2002 365 29
0.3961607956	2086 365 29
0.3961607956	4656 365 29
0.3961607956	106 13 29
0.3961607956	670 199 31
0.3961607956	519 29 76
0.3961607956	2804 13 31
0.3961607956	75 37 31
0.3961607956	31 68 1027
0.3961607956	31 41 73177
0.3961607956	44 234 31
0.3961607956	1911 2139 13 31
0.3961607956	29 41 46 47
0.3961607956	104 31 76
0.3961607956	31 470 416
0.3961607956	5595 365 31
0.3961607956	86 87 31
0.3961607956	152 365 29
0.3961607956	12 26 2138
0.3961607956	2617 365 31
0.3961607956	2617 365 29
0.3961607956	11 45 416
0.3961607956	643 49 31
0.3961607956	1745 365 31
0.3961607956	1745 365 29
0.3961607956	31 1133 29
0.3961607956	2501 13 31
0.3961607956	29 68 1027
0.3961607956	2501 13 29
0.3961607956	3211 13 29
0.3961607956	4486 13 31
0.3961607956	29 26 1807
0.3961607956	1365 365 29
0.3961607956	5963 49 29
0.3961607956	1365 365 31
0.3961607956	29 470 416
0.3961607956	29 76 5561
0.3961607956	2086 365 31
0.3961607956	1701 29 76
0.3961607956	209 365 31
0.3961607956	7612 664 31
0.3961607956	4656 365 31
0.3961607956	670 199 29
0.3961607956	106 13 31
0.3961607956	44 49 31
0.3961607956	44 49 29
0.3961607956	6848 37 31
0.3961607956	6848 37 29
0.3961607956	2804 13 29
0.3961607956	31 26 1807
0.3961607956	2503 13 46
0.3961607956	75 37 29
0.3961607956	29 1133 31
0.3961607956	44 234 29
0.3961607956	1864 365 31
0.3961607956	2313 37 29
0.3961607956	31 26 4337
0.3951607956	3439 3440
0.3951607956	470 5334 1316 31 20306
0.3951607956	31 470 5334 1316 29
0.3951607956	1023 22 664
0.3951607956	3271 45 3419
0.3951607956	2163 13 2416
0.3951607956	1804 26 1864
0.3951607956	519 31 32
0.3951607956	519 31 749
0.3951607956	491 13 498
0.3951607956	519 29 749
0.3951607956	139 13 542
0.3951607956	3509 3510
0.3951607956	3462 3463
0.3951607956	1359 3446
0.3951607956	3424 3432
0.3951607956	3298 3299
0.3951607956	3455 3456
0.3951607956	3459 3460
0.3951607956	3495 3496
0.3951607956	3595 3596
0.3951607956	3704 3705
0.3951607956	470 5334 1316 29 20306
0.3951607956	29 470 5334 1316 31
0.3951607956	21 26 418 9481
0.3951607956	1062 29 1062
0.3951607956	7275 881 12956
0.3951607956	12 26 2413
0.3951607956	254 13 954
0.3951607956	2138 13 3110
0.3951607956	3451 3452 3453
0.3951607956	8359 13 7022
0.3951607956	8359 13 405
0.3951607956	111 13 7014
0.3951607956	3589 3590 3591
0.3951607956	255 13 21
0.3951607956	1062 31 1062
0.3951607956	491 13 7252
0.3951607956	491 13 9313
0.3951607956	519 29 32
0.3951607956	491 13 682
0.3951607956	491 13 3143
0.3951607956	253 13 1046
0.3951607956	3507 3508
0.3951607956	3368 3369
0.3951607956	3557 3558
0.3951607956	13831 13832
0.3951607956	3282 3283
0.3951607956	3522 3920
0.3951607956	3586 3587
0.3951607956	3293 3294
0.3951607956	3442 3443
0.3951607956	3706 3707
0.3951607956	1461 13 6918
0.3951607956	3437 3438
0.3939191367	118 45 31 2122
0.3919191367	291 3887
0.3919191367	132 4314
0.3919191367	218 1299
0.3919191367	218 690
0.3919191367	213 9942
0.3919191367	213 4881
0.3919191367	23 1858
0.3919191367	1186 1834
0.3919191367	132 1099
0.3919191367	504 4295
0.3919191367	105 2396
0.3919191367	672 3
0.3919191367	65 243
0.3919191367	13 15497
0.3919191367	739 1858
0.3919191367	89 275
0.3902805508	49 29 37 45
0.3902635985	0 0 0 0 0 0 0
0.3897522424	13 31 76 105
0.3881917859	29 26 105
0.3879054748	87 45 29 111 13 21
0.3879054748	87 45 31 111 13 21
0.3879054748	13 496 37 31
0.3869054748	68 2086 365 29
0.3869054748	68 2086 365 31
0.3844886241	31 76 105
0.3826477867	76 29 0
0.3809069070	29 68 45
0.3809069070	31 26 68
0.3809069070	31 68 45
0.3786650946	31 76 551 664 13
0.3770947341	145 45 31
0.3770947341	68 45 29
0.3756743991	1124 118 45 29
0.3756655033	13 45 31 41
0.3756655033	13 29 0
0.3756655033	13 31 41
0.3756655033	13 45 29 0
0.3756655033	13 29 26
0.3756655033	45 29 61
0.3756655033	26 29 26
0.3756655033	61 31 26
0.3756655033	13 45 29 41
0.3756655033	13 29 41
0.3756655033	26 31 41
0.3756655033	0 29 26
0.3756655033	41 29 26
0.3756655033	26 29 41
0.3756655033	45 31 61
0.3751911829	0 29 76 105
0.3747522424	0 31 76 105
0.3745653401	61 31 76
0.3735653401	365 31 76
0.3728495474	0 87 45 31
0.3728495474	0 87 45 29
0.3716241636	45 29 111
0.3716241636	61 31 470
0.3716241636	45 31 111
0.3716241636	61 29 470
0.3716241636	49 29 470
0.3716241636	365 29 470
0.3712892729	26 664 13 45
0.3712892729	26 6 13 45
0.3712892729	26 551 664 13
0.3712635985	0 41 45
0.3712635985	0 0 0
0.3712635985	0 0 45
0.3712635985	26 41 45
0.3706241636	551 29 664
0.3691911829	13 29 76 68
0.3691911829	365 31 76 26
0.3671170321	105 244 270 41
0.3671170321	105 11005 491 37
0.3664606391	13 45 1186 211
0.3659082284	31 76 551 6
0.3642668370	13 45 31 26
0.3642668370	0 31 26
0.3642668370	13 45 31 0
0.3642668370	45 29 13 45
0.3642668370	26 31 26
0.3642668370	45 29 26
0.3639953437	2122 13 45 1186 211
0.3633028970	76 26 45
0.3633028970	31 41 105
0.3633028970	31 145 45
0.3626802128	29 145 45
0.3626802128	31 22 45
0.3626802128	29 26 68
0.3626802128	31 118 45
0.3622240179	76 84 43 44
0.3621911829	13 29 76 105
0.3602240179	9476 8359
0.3602240179	76 84 93 44
0.3602240179	48 7277
0.3602240179	576 2852
0.3602240179	7209 8359
0.3602240179	11021 46
0.3588680400	49 45 31
0.3588680400	145 45 29
0.3558566834	76 26 105
0.3558566834	31 0 43
0.3558566834	31 26 65
0.3558566834	31 68 105
0.3549268635	87 45 29
0.3548566834	12 13 45
0.3548566834	76 41 105
0.3548566834	29 26 65
0.3548566834	31 231 45
0.3548566834	555 13 45
0.3548566834	2363 13 45
0.3548566834	233 68 45
0.3548566834	29 22 105
0.3548566834	491 41 45
0.3548566834	29 231 105
0.3548566834	31 22 105
0.3539268635	41 45 46
0.3539268635	365 551 29
0.3539268635	0 0 52
0.3539268635	13 45 133
0.3539268635	13 45 111
0.3539268635	13 45 46
0.3539268635	13 45 81
0.3539268635	13 45 1300
0.3539268635	41 45 416
0.3539268635	13 551 29
0.3539268635	26 551 29
0.3539268635	61 45 46
0.3539268635	45 551 29
0.3539268635	26 45 416
0.3539268635	26 551 31
0.3539083709	45 7210 13 45 29
0.3539083709	45 7210 13 45 31
0.3538102909	46 29470
0.3538102909	46 9096
0.3538102909	46 14263
0.3529268635	26 45 81
0.3526926439	260 111
0.3526926439	421 663
0.3526926439	491 6874
0.3526926439	1911 663
0.3526926439	418 6848
0.3526926439	643 312
0.3526926439	11005 491
0.3526926439	1633 2189
0.3519268635	22 45 46
0.3519268635	13 45 576
0.3519268635	145 45 416
0.3519268635	22 45 416
0.3519268635	0 45 1766
0.3519268635	13 45 1004
0.3519268635	41 45 1766
0.3519268635	41 45 81
0.3514907241	365 45 31
0.3514907241	365 45 29
0.3511677945	8359 13 45
0.3509268635	13 45 2163
0.3509268635	13 45 283
0.3509268635	13 45 1917
0.3509268635	0 41 657
0.3509268635	41 45 2462
0.3509268635	0 41 1671
0.3509268635	41 45 2760
0.3509268635	41 45 1004
0.3509268635	199 45 1300
0.3509268635	61 45 81
0.3509268635	145 105 46
0.3509268635	0 41 745
0.3509268635	497 61 29
0.3509268635	13 45 8832
0.3499268635	22 105 1076
0.3499268635	164 355 718
0.3499268635	365 105 3393
0.3499268635	93 164 747
0.3497683093	37 45 31 76 84
0.3484835840	76 151 45
0.3484835840	350 13 45
0.3464835840	236 37 45
0.3464835840	7890 13 45
0.3464835840	793 61 45
0.3464835840	1023 118 45
0.3464835840	9313 37 45
0.3464835840	253 37 45
0.3464835840	192 37 45
0.3464835840	152 61 45
0.3464835840	747 118 45
0.3464835840	233 68 105
0.3464835840	270 87 45
0.3464835840	2371 13 45
0.3464835840	1909 61 45
0.3464835840	2163 13 45
0.3464835840	14599 13 45
0.3464835840	1098 61 45
0.3464835840	2027 13 45
0.3450762028	29 22 45
0.3450762028	29 41 105
0.3440201536	551 29 2503
0.3431350263	29 118 45
0.3416305737	84 43 44 49 29
0.3416305737	84 43 44 234 29
0.3408408050	416 1837 13 45
0.3389840381	461 1707
0.3389840381	3024 1924
0.3389840381	2081 1924
0.3389840381	4580 2300
0.3389840381	4766 231
0.3389840381	7567 334
0.3389840381	4881 87
0.3389840381	12947 478
0.3389840381	3065 213
0.3388408050	1956 2820 87
0.3382526734	6 13 45
0.3382526734	76 41 65
0.3382526734	547 13 45
0.3382526734	76 26 551
0.3382526734	76 26 68
0.3382526734	7210 13 45
0.3382526734	111 13 45
0.3382526734	664 13 45
0.3352139044	29 76 547 13
0.3332640299	118 45 29
0.3332640299	22 45 29
0.3332640299	22 45 31
0.3332640299	118 45 31
0.3332640299	49 45 29
0.3298795740	496 37 45
0.3298795740	2086 365 45
0.3298795740	6987 365 45
0.3298795740	336 37 45
0.3298795740	2086 61 45
0.3298795740	1138 365 45
0.3298795740	73 26 45
0.3298795740	1837 13 45
0.3293228535	13 45 418
0.3293228535	13 45 416
0.3293228535	13 45 139
0.3293228535	26 45 46
0.3293228535	199 45 29
0.3293228535	13 45 7
0.3289438312	37 45 29 26
0.3289438312	37 45 31 26
0.3288795740	2820 87 45
0.3274455209	22 29 470
0.3274455209	118 29 470
0.3274455209	13 29 749
0.3274455209	145 31 470
0.3274455209	13 31 749
0.3274455209	0 29 52
0.3274455209	87 31 76
0.3274455209	87 29 470
0.3274455209	0 52 31
0.3274455209	0 31 1062
0.3274455209	0 31 52
0.3274455209	0 31 225
0.3274455209	37 29 470
0.3274455209	365 31 664
0.3274455209	22 31 470
0.3274455209	234 31 76
0.3274455209	234 29 76
0.3274455209	45 31 975
0.3264455209	13 31 975
0.3264455209	13 31 2965
0.3264455209	0 29 225
0.3264455209	45 29 1140
0.3264455209	365 29 547
0.3264455209	45 31 253
0.3264455209	13 29 975
0.3264455209	0 29 1062
0.3264455209	0 29 2965
0.3264455209	0 31 2965
0.3264455209	365 31 547
0.3264455209	45 31 1140
0.3263228535	231 1124 118 45 29 2122 13 45 1186 211
0.3263228535	231 1124 118 45 31 2122 13 45 1186 211
0.3263228535	365 45 7
0.3263228535	61 45 3887
0.3263228535	13 45 581
0.3263228535	13 45 7209
0.3253228535	231 105 398
0.3244455209	13 29 32
0.3244455209	13 31 32
0.3244455209	45 29 2122
0.3244455209	37 29 975
0.3244455209	45 31 2122
0.3244455209	45 416 1048
0.3244455209	551 29 1911
0.3244455209	37 31 975
0.3244455209	45 416 38
0.3234455209	0 29 470 5334 1316 31 20306 33330 5881
0.3234455209	0 31 470 5334 1316 29 20306 33330 5881
0.3222210589	13 29 61
0.3222210589	61 29 26
0.3215102912	31 26 45
0.3149361800	0 31 68
0.3149361800	61 31 41
0.3123969950	31 76 84 43 68
0.3112218366	43 68 105 106
0.3107081061	29 76 84 43 68
0.3072805508	22 105 580 13
0.3072081747	1124 118 45 31
0.3066666723	118 45 29 2122
0.3046666723	132 2950
0.3046666723	132 701
0.3046666723	551 4989
0.3046666723	1186 211
0.3040238956	2122 13 45 1186
0.3005165173	29 76 84 43
0.3005165173	31 76 84 43
0.2982054062	31 749 0
0.2982054062	31 749 26
0.2982054062	29 76 132
0.2982054062	29 76 164
0.2982054062	29 76 231
0.2982054062	29 76 773
0.2982054062	31 76 649
0.2982054062	31 76 132
0.2982054062	31 76 84
0.2982054062	31 76 773
0.2982054062	29 76 1002 13
0.2982054062	31 1062 45
0.2982054062	29 76 84
0.2982054062	31 76 231
0.2982054062	31 76 151
0.2982054062	29 1062 45
0.2973321700	45 31 145
0.2973321700	45 31 37
0.2967094858	145 29 26
0.2967094858	145 31 26
0.2967094858	49 31 13
0.2967094858	37 31 0
0.2967094858	37 31 26
0.2967094858	0 29 68
0.2967094858	45 29 49
0.2967094858	45 31 22
0.2967094858	45 31 49
0.2967094858	365 29 13
0.2967094858	13 31 22
0.2967094858	13 31 37
0.2967094858	26 31 37
0.2967094858	61 29 41
0.2955338950	31 470 29
0.2955338950	29 470 31
0.2955165173	29 749 0
0.2955165173	29 749 26
0.2955165173	29 76 151
0.2945338950	29 76 233
0.2945338950	31 76 233
0.2939302652	0 0 41
0.2938323068	31 73 26
0.2938323068	31 73 0
0.2938323068	29 76 331
0.2938323068	31 76 331
0.2937094858	13 29 118
0.2937094858	49 31 41
0.2937094858	49 29 26
0.2937094858	26 29 37
0.2937094858	37 29 0
0.2937094858	365 31 41
0.2937094858	365 29 41
0.2937094858	37 31 41
0.2927683093	45 29 87
0.2927683093	49 29 41
0.2927683093	45 31 87
0.2927683093	37 29 41
0.2927683093	365 31 61
0.2918323068	76 233 10
0.2918323068	591 664 13
0.2918323068	76 233 68
0.2918323068	31 1121 0
0.2918323068	31 2277 199
0.2918323068	29 2277 199
0.2918323068	663 664 26
0.2918323068	663 664 13
0.2918323068	11 1002 13
0.2918323068	29 7010 199
0.2918323068	76 152 365
0.2918323068	31 7010 199
0.2918323068	29 1121 0
0.2918323068	31 670 199
0.2918323068	31 4 0
0.2918323068	29 670 199
0.2918323068	29 76 3014
0.2918323068	31 52 551
0.2917683093	87 31 26
0.2917683093	22 664 26
0.2917683093	13 31 87
0.2917683093	26 1002 13
0.2917683093	49 31 118
0.2917683093	49 31 37
0.2917683093	37 31 87
0.2917683093	87 31 41
0.2917683093	87 29 41
0.2917683093	365 31 22
0.2917683093	365 31 145
0.2917683093	365 29 145
0.2917683093	45 31 234
0.2917683093	365 29 22
0.2917683093	13 29 87
0.2917683093	45 111 13
0.2917683093	365 29 61
0.2917683093	26 491 13
0.2917683093	45 547 13
0.2908323068	1300 1027 365
0.2908323068	33330 5881 33158 23651 58435 0
0.2908323068	2189 3252 158 22
0.2908323068	81 82 8359 13
0.2908323068	233 1023 22
0.2908323068	1766 1864 365
0.2908323068	6904 664 13
0.2908323068	663 664 145
0.2908323068	1766 1804 26
0.2908323068	5165 881 45
0.2903086209	22 1002 13 45
0.2900367837	377 2116 3301
0.2897683093	22 6 13
0.2897683093	26 2087 13
0.2897683093	105 491 13
0.2893086209	37 45 38 13
0.2891607956	470 5334 1316 31 20306 33330 5881 33158 23651
0.2891607956	152 365 31
0.2891607956	3271 45 3491
0.2891607956	491 13 2313
0.2891607956	470 5334 1316 29 20306 33330 5881 33158 23651
0.2891607956	29 2453 664
0.2890238956	76 84 43 44 49
0.2890238956	1002 13 45 2501 13
0.2889191367	164 3566
0.2887683093	45 253 145
0.2887683093	45 2027 13
0.2887683093	105 3237 13
0.2887683093	45 1325 0
0.2887683093	22 1002 13
0.2887683093	26 1418 0
0.2887683093	45 3491 145
0.2887683093	45 1909 61
0.2887683093	68 2086 365
0.2887683093	45 16450 13
0.2887683093	551 492 13
0.2887683093	45 2807 13
0.2887683093	45 4152 13
0.2887683093	105 547 13
0.2887683093	13 2313 37
0.2887683093	68 1745 365
0.2887683093	61 1160 45
0.2887683093	45 2253 13
0.2887683093	61 1263 45
0.2887683093	551 12 26
0.2887683093	551 12 13
0.2887683093	45 5165 68
0.2887683093	45 1200 13
0.2887683093	45 1766 68
0.2887683093	45 31 2453
0.2887683093	45 552 13
0.2887683093	45 3887 13
0.2887683093	13 954 26
0.2887683093	551 664 26
0.2887683093	551 8359 13
0.2887683093	45 3698 13
0.2887683093	61 1063 45
0.2887683093	45 29 2453
0.2887683093	105 1854 13
0.2887683093	68 992 45
0.2887683093	45 3168 13
0.2887683093	551 2503 13
0.2887683093	26 491 37
0.2883664046	0 118 45
0.2883664046	0 37 45
0.2877683093	68 1138 365
0.2877683093	45 3419 145
0.2877683093	105 4580 49
0.2877683093	355 718 41
0.2877683093	61 14474 45
0.2877683093	43 44 234
0.2873664046	0 87 45
0.2873664046	26 68 105
0.2873664046	0 0 43
0.2873664046	26 22 105
0.2873664046	0 213 45
0.2873664046	0 22 105
0.2873664046	0 0 93
0.2873664046	43 68 105
0.2873664046	43 68 45
0.2873664046	41 773 45
0.2873664046	0 41 132
0.2873086209	13 45 144 145
0.2873086209	43 68 105 106 13
0.2870238956	76 84 43 44 234
0.2870238956	2199 158 22
0.2870238956	4766 231 105
0.2853664046	68 348 45
0.2853664046	13 45 218
0.2853664046	1167 13 45
0.2853664046	218 13 45
0.2853664046	789 68 45
0.2853664046	93 68 45
0.2853086209	84 43 44 234
0.2843664046	68 348 105
0.2843664046	497 61 45
0.2843664046	61 458 105
0.2843664046	0 43 164
0.2843664046	0 789 231
0.2843664046	0 93 348
0.2843664046	118 45 1186
0.2843664046	182 49 45
0.2833664046	93 164 348
0.2833664046	231 1124 118
0.2829067161	0 43 231 105
0.2791054758	13 29 37
0.2791054758	45 29 118
0.2791054758	365 31 26
0.2791054758	49 31 26
0.2791054758	365 29 26
0.2791054758	45 31 118
0.2791054758	45 29 145
0.2779067161	2647 2611
0.2779067161	723 724
0.2779067161	508 724
0.2761054758	22 29 13
0.2761054758	37 29 26
0.2751642993	68 664 13
0.2751642993	45 139 13
0.2751642993	45 12 13
0.2731642993	45 405 13
0.2730615907	111 13 27
0.2727035710	0 41 105
0.2727035710	26 68 45
0.2723086209	37 45 31 76 84 43
0.2721642993	45 1448 13
0.2721642993	105 350 13
0.2721642993	45 283 13
0.2717623946	0 49 45
0.2717623946	26 45 551
0.2717623946	26 199 45
0.2717623946	26 37 45
0.2713086209	37 31 76 84 43
0.2713086209	37 29 76 84 43
0.2713086209	41 45 552 13
0.2711642993	68 115 365
0.2711642993	164 747 118
0.2711642993	348 3271 145
0.2703086209	37 45 59 13
0.2703086209	68 105 106 13
0.2703086209	1124 118 45 29 2122 13 45 1186
0.2703086209	45 31 2122 13 45 1186
0.2703086209	45 29 2122 13 45 1186
0.2703086209	41 45 81 2520 0
0.2703086209	231 105 260 13
0.2703086209	234 45 1687 13
0.2703086209	37 45 673 13
0.2703086209	41 105 6948 61
0.2703086209	234 45 6395 13
0.2703086209	22 105 1076 13
0.2703086209	41 45 675 13
0.2703086209	68 2086 61 45
0.2697623946	61 458 45
0.2687623946	43 231 105
0.2687623946	158 22 45
0.2686767468	76 547 13 45
0.2683086209	84 93 44 49
0.2683086209	789 68 2014 199
0.2683086209	789 68 670 199
0.2683086209	132 2950 61
0.2683086209	132 701 61
0.2683086209	164 3566 145
0.2639925363	9942 105
0.2621170321	45 2138 1911 2139 13
0.2621170321	45 81 82 41
0.2621170321	45 81 82 26
0.2621170321	26 2138 1911 2139 13
0.2566655033	26 29 13
0.2520947341	37 45 31
0.2508102909	46 448
0.2504351907	45 29 76 84
0.2504351907	37 29 76 84
0.2504351907	87 31 76 84
0.2465332807	0 1002 13 45
0.2455332807	43 68 2086 61
0.2454021197	37 45 29 76 84
0.2454021197	37 45 31 234
0.2388566834	1002 13 45
0.2388566834	492 13 45
0.2347621197	6347 2611
0.2334835840	491 37 45
0.2329268635	87 45 31
0.2324835840	580 13 45
0.2309268635	26 551 6
0.2309268635	45 551 664
0.2257005062	13 31 76 233
0.2257005062	13 496 37 29
0.2257005062	0 0 52 31
0.2202105309	37 31 76 84
0.2187482208	365 551 31
0.2187482208	0 45 1300
0.2187482208	0 45 416
0.2187482208	26 45 139
0.2184455209	87 31 470
0.2184455209	49 31 470
0.2184455209	37 31 470
0.2184455209	365 29 664
0.2184455209	365 31 470
0.2177482208	0 45 327
0.2177482208	145 45 46
0.2177482208	68 45 416
0.2177482208	37 45 46
0.2174455209	41 45 81 2520
0.2167482208	0 41 735
0.2167482208	0 43 643
0.2167482208	234 45 3211 13 29
0.2167482208	22 45 2087
0.2167482208	41 105 6948
0.2167482208	26 65 2253
0.2167482208	118 61 3129
0.2167482208	182 49 31
0.2167482208	182 49 29
0.2167482208	13 45 1834
0.2167482208	13 45 2157
0.2167482208	13 45 3751
0.2167482208	13 45 4384
0.2167482208	13 45 552
0.2167482208	41 45 945
0.2167482208	0 41 227
0.2167482208	0 41 1127
0.2167482208	0 41 618
0.2167482208	41 45 1822
0.2167482208	0 41 1261
0.2167482208	0 41 1531
0.2167482208	0 41 1158
0.2167482208	0 41 1604
0.2167482208	0 41 4607
0.2167482208	41 45 675
0.2167482208	41 45 576
0.2167482208	41 45 2313
0.2167482208	41 45 48
0.2167482208	497 61 31
0.2167482208	37 45 804
0.2167482208	37 45 59
0.2167482208	37 45 139
0.2167482208	145 65 236
0.2167482208	45 551 6
0.2167482208	68 132 133
0.2167482208	0 118 1464
0.2167482208	0 118 227
0.2167482208	231 105 491
0.2167482208	158 22 29
0.2167482208	158 22 31
0.2167482208	0 43 242
0.2167482208	68 105 491
0.2167482208	0 43 1023
0.2167482208	0 43 11
0.2167482208	0 43 44
0.2167482208	0 43 104
0.2167482208	0 118 1604
0.2157482208	2300 45 1048
0.2157482208	231 132 133
0.2157482208	1324 45 1325
0.2157482208	43 68 69
0.2157482208	43 68 3045
0.2157482208	0 41 4312
0.2157482208	41 132 5963
0.2157482208	37 45 1863
0.2157482208	37 45 433
0.2157482208	234 45 6395
0.2157482208	234 45 3211
0.2157482208	231 105 1144
0.2157482208	84 43 760
0.2157482208	84 43 643
0.2157482208	22 132 66
0.2157482208	789 68 2014
0.2157482208	789 68 670
0.2157482208	789 68 1027
0.2157482208	68 105 11005
0.2157482208	68 105 106
0.2157482208	93 68 2086
0.2157482208	944 65 38
0.2157482208	0 145 3411
0.2157482208	26 65 1110
0.2082640299	37 45 29
0.2063228535	0 45 606
0.1966164631	31 22 350 13
0.1952054062	29 76 555 13
0.1908323068	1911 492 13
0.1883969950	29 0 43
0.1873969950	29 234 45
0.1873969950	31 234 45
0.1873969950	31 944 45
0.1873969950	29 944 45
0.1873969950	76 26 65
0.1873969950	31 231 105
0.1873969950	31 26 551
0.1863086209	68 105 580 13
0.1820238956	1435 13 45
0.1820238956	4466 13 45
0.1820238956	236 118 45
0.1820238956	1316 13 45
0.1820238956	2122 13 45
0.1820238956	776 365 45
0.1820238956	1203 61 45
0.1820238956	2187 13 45
0.1820238956	2277 199 45
0.1820238956	267 37 45
0.1820238956	8760 41 45
0.1820238956	44 37 45
0.1820238956	941 37 45
0.1820238956	7010 199 45
0.1820238956	31 84 43
0.1820238956	1023 22 45
0.1820238956	1842 22 45
0.1820238956	2990 13 45
0.1820238956	643 37 45
0.1820238956	2730 13 45
0.1820238956	96 61 45
0.1820238956	670 199 45
0.1820238956	6975 145 45
0.1820238956	3626 61 45
0.1820238956	74 13 45
0.1820238956	1523 41 45
0.1820238956	2139 13 45
0.1820238956	75 37 45
0.1820238956	2594 13 45
0.1820238956	466 13 45
0.1820238956	260 13 45
0.1820238956	561 61 45
0.1820238956	29 84 43
0.1820238956	2860 13 45
0.1820238956	4032 13 45
0.1820238956	31 84 93
0.1820238956	1023 22 105
0.1820238956	76 182 49
0.1820238956	350 13 105
0.1820238956	350 13 65
0.1820238956	29 272 13
0.1820238956	643 22 105
0.1820238956	4547 61 45
0.1820238956	76 773 68
0.1820238956	635 13 45
0.1820238956	747 41 45
0.1820238956	4656 365 45
0.1820238956	4538 13 45
0.1820238956	6848 37 45
0.1820238956	1002 13 65
0.1810238956	86 87 45
0.1810238956	233 649 355
0.1810238956	2277 199 43
0.1810238956	1147 158 22
0.1810238956	3 118 61
0.1810238956	1842 145 65
0.1810238956	670 199 789
0.1810238956	2212 118 45
0.1810238956	1023 22 132
0.1810238956	670 199 43
0.1757683093	551 29 13
0.1757683093	26 6 13
0.1757683093	45 6 13
0.1757683093	45 555 13
0.1757683093	45 492 13
0.1757683093	26 492 13
0.1757683093	26 12 13
0.1757683093	22 664 13
0.1757683093	26 555 13
0.1747683093	151 664 13
0.1747683093	105 580 13
0.1747683093	68 2086 61
0.1747683093	22 350 13
0.1747683093	551 664 13
0.1747683093	45 2087 13
0.1747683093	551 6 13
0.1747683093	68 1002 13
0.1733664046	0 43 68
0.1733664046	0 0 789
0.1723664046	0 93 164
0.1693086209	45 29 22
0.1653086209	0 1002 13
0.1653086209	45 7210 13
0.1653086209	49 29 37
0.1653086209	234 29 26
0.1653086209	365 29 37
0.1653086209	45 29 234
0.1643086209	2300 29 26
0.1643086209	234 29 37
0.1643086209	45 236 13
0.1643086209	45 38 13
0.1633086209	45 1523 13
0.1633086209	45 1687 13
0.1633086209	151 6 13
0.1633086209	45 1783 0
0.1633086209	45 59 13
0.1633086209	68 2211 365
0.1633086209	61 1263 105
0.1633086209	45 4387 13
0.1633086209	45 294 13
0.1633086209	45 62 13
0.1633086209	43 44 37
0.1633086209	22 492 13
0.1633086209	43 11 45
0.1633086209	45 2163 13 2416 13
0.1633086209	45 1833 13
0.1633086209	45 2313 13
0.1633086209	68 1027 365
0.1633086209	551 7210 13
0.1633086209	68 1027 41
0.1633086209	45 3542 13
0.1633086209	45 642 13
0.1633086209	45 3852 13
0.1633086209	45 2414 13
0.1633086209	105 491 37
0.1633086209	105 1076 13
0.1633086209	45 1057 13
0.1633086209	45 4486 13
0.1633086209	68 2086 22
0.1633086209	68 350 13
0.1633086209	26 1864 365
0.1633086209	43 1180 45
0.1633086209	45 7504 13
0.1633086209	45 211 13
0.1633086209	45 3200 0
0.1633086209	45 882 13
0.1633086209	45 48 13
0.1633086209	45 433 13
0.1633086209	26 1023 22
0.1633086209	45 144 145
0.1633086209	551 2087 13
0.1633086209	45 675 13
0.1633086209	45 2163 13
0.1633086209	45 1104 13
0.1633086209	45 1006 68
0.1633086209	45 1194 13
0.1633086209	41 1423 13
0.1633086209	45 2501 13
0.1633086209	45 1973 13
0.1633086209	0 1203 61
0.1633086209	45 606 68
0.1633086209	105 6948 61
0.1633086209	45 7929 13
0.1633086209	22 2087 13
0.1633086209	26 2371 13
0.1633086209	45 8545 13
0.1633086209	68 152 365
0.1633086209	105 260 13
0.1633086209	68 2042 61
0.1633086209	45 3864 13
0.1633086209	43 242 105
0.1633086209	41 7349 61
0.1633086209	45 1300 68
0.1633086209	105 1901 13
0.1633086209	61 236 49
0.1633086209	61 236 118
0.1633086209	45 12634 13
0.1633086209	45 3270 13
0.1633086209	45 6395 13
0.1633086209	43 643 145
0.1633086209	43 643 49
0.1633086209	61 3129 45
0.1633086209	61 3129 105
0.1633086209	43 11 105
0.1633086209	231 1002 13
0.1633086209	13 9313 26
0.1633086209	68 316 41
0.1633086209	13 9313 37
0.1633086209	68 2128 41
0.1633086209	45 2441 13
0.1633086209	41 740 26
0.1633086209	105 2149 13
0.1633086209	43 104 45
0.1633086209	45 1939 13
0.1633086209	61 236 145
0.1623086209	348 1842 22
0.1623086209	45 795 199
0.1623086209	61 62 37
0.1623086209	105 106 37
0.1623086209	68 2002 365
0.1623086209	26 1986 365
0.1623086209	105 254 13
0.1623086209	68 776 365
0.1623086209	105 4663 13
0.1623086209	68 2739 365
0.1623086209	68 209 365
0.1623086209	164 1023 22
0.1623086209	87 651 61
0.1623086209	132 5963 49
0.1623086209	45 32009 13
0.1623086209	118 5060 13
0.1623086209	164 747 41
0.1623086209	41 1166 49
0.1623086209	41 4547 61
0.1623086209	43 86 87
0.1623086209	68 3045 365
0.1623086209	65 3542 41
0.1623086209	68 2866 365
0.1623086209	41 7017 61
0.1623086209	41 8502 13
0.1623086209	43 96 61
0.1623086209	93 44 49
0.1623086209	105 7256 13
0.1623086209	348 1023 22
0.1623086209	43 44 49
0.1623086209	43 1023 22
0.1623086209	68 4583 365
0.1623086209	43 242 65
0.1623086209	231 4170 61
0.1623086209	41 2870 145
0.1623086209	45 6674 13
0.1623086209	68 2942 365
0.1623086209	43 637 65
0.1623086209	61 6298 22
0.1619067161	0 0 213
0.1619067161	0 944 45
0.1609067161	0 789 68
0.1609067161	0 93 68
0.1609067161	43 231 45
0.1599067161	0 43 151
0.1599067161	0 3250 13
0.1599067161	585 22 45
0.1599067161	199 43 672
0.1599067161	22 585 22
0.1599067161	231 348 45
0.1599067161	0 199 1186
0.1599067161	0 944 65
0.1599067161	13 45 1186
0.1599067161	89 43 68
0.1599067161	37 45 1186
0.1599067161	231 105 551
0.1599067161	26 164 355
0.1599067161	0 43 348
0.1599067161	0 43 10
0.1599067161	0 504 45
0.1599067161	1124 118 45
0.1599067161	216 43 68
0.1599067161	199 43 68
0.1599067161	199 43 649
0.1599067161	0 497 61
0.1599067161	807 13 45
0.1599067161	43 68 348
0.1599067161	0 93 231
0.1599067161	41 773 43
0.1599067161	199 789 68
0.1599067161	0 291 68
0.1599067161	41 45 1186
0.1599067161	84 43 68
0.1599067161	3250 13 45
0.1599067161	93 68 105
0.1591642993	26 664 13
0.1591642993	26 547 13
0.1591642993	45 664 13
0.1589067161	789 672 458
0.1589067161	216 789 68
0.1589067161	117 118 61
0.1589067161	773 649 355
0.1589067161	199 789 672
0.1589067161	43 117 61
0.1589067161	84 93 68
0.1589067161	164 355 105
0.1589067161	43 164 355
0.1581642993	45 2804 13
0.1581642993	45 9857 13
0.1576153846	231 1124 118 45
0.1574351907	45 31 76 84
0.1549840381	2520 0
0.1097482208	22 105 580
0.1097482208	26 551 664
0.1097482208	43 68 2086
0.1097482208	84 43 44
0.1097482208	84 93 44
0.1097482208	37 45 38
0.0810238956	2087 13 45
0.0623086209	45 673 13
0.0623086209	26 1745 365
0.0623086209	105 106 13
0.0623086209	105 255 13
0.0609067161	0 43 231
