0.9721364110	18 265 182 44 5
0.9562639352	5 12 39 68 21 18
0.9086135126	18 265 130 25 930
0.8960299462	21 5 12 39 68 21 18
0.8948466525	2241 84 18 85 2
0.8892685984	5 149 39 68 21 18
0.8842636842	68 21 18 84 18 85
0.8828484059	12 39 68 21 18 2
0.8651383348	5 149 39 1134 21 18
0.8527646225	18 40 182 44 5
0.8449476809	12 39 68 21 18 12
0.8440958165	40 44 402 4903 2241
0.8430396983	40 84 682 904
0.8401983963	85 12 39 68 21 18
0.8340882665	12 39 68 21 18 118
0.8275487721	39 68 21 402 18
0.8272454816	118 128 161 21 40
0.8063929837	5 149 1341 18 1414
0.8058532773	443 663 1785 84 18 85
0.8043314084	12 40 44 462 18
0.8033314084	12 40 44 62 18
0.8012661973	149 39 68 21 18 2
0.7930104961	12 39 68 21 18 7
0.7907311682	558 33 18 157 566 567
0.7886363380	208 149 39 68 21 18
0.7826294778	149 39 68 21 18 7
0.7797095895	1988 66
0.7788049442	208 12 39 68 21 18
0.7694295758	62 325 467 18
0.7681070210	40 572 140 157 158 687
0.7664228411	11 12 39 68 21 18
0.7661546400	40 44 608 25 462
0.7661484367	44 402 4903 18 84
0.7651546400	40 44 175 880 84
0.7650985219	40 44 175 880
0.7632590531	18 265 499 929 25
0.7621605069	602 1460 1461 18
0.7570675522	40 572 140 157 158
0.7550383864	39 68 21 462 18
0.7525413885	1619 19
0.7499934886	12 39 68 21 402 18
0.7478158679	18 84 14220 85
0.7465585947	149 39 68 21 462 18
0.7464581784	5021 1454 84 18 85 12
0.7425566013	118 128 161 21 40 44
0.7408563994	602 4717 443 663 1785 84 18 85
0.7395166138	2240 2241 84 18 85
0.7367041572	39 68 21 62 18
0.7351042393	18 344 1046 21 5
0.7277041572	39 68 21 310 18
0.7245649721	18 2054 1066 2055
0.7154711211	12 40 44 7751 18 84
0.7081944093	39 736 21 1341 18
0.7073920415	18 84 18 85 21 39
0.7065944914	18 25697 84 5 85
0.7051311272	126 118 128 161 21 40
0.7043292955	12 40 44 608 25 462
0.7016690363	40 44 1751 25 608
0.6968052949	1347 19
0.6932766898	1170 7 1346 44 18
0.6893972308	12 40 44 310 18
0.6825524786	39 736 21 40 44
0.6819907597	12 40 44 7751 18
0.6704956015	1341 18 7 3117 84 13689 85
0.6698874829	12 40 44 2024 18
0.6688874829	12 40 44 2632 18
0.6685757285	40 44 5224 60 1434
0.6680995776	40 44 18 182 44
0.6680505533	12 39 736 21 40 44
0.6674102395	850 785 18
0.6637198735	149 39 68 21 18 12
0.6634050091	25 18 25697 84 5
0.6606411640	5021 1454 84 18 85
0.6565196268	145 118 12 40 44
0.6563750346	12 40 44 1751 25
0.6532833163	12 40 44 3708 18
0.6512100866	40 44 402 4903 18 84 9048 85
0.6489719073	610 67
0.6415600196	402 7981 18 84 278 85
0.6415600196	402 9047 18 84 9048 85
0.6410600196	62 2240 2241 84 18 85
0.6400600196	402 9047 2241 84 18 85
0.6399171625	4717 443 663 1785 84 18 85
0.6399171625	1241 443 663 1785 84 18 85
0.6394171625	4726 663 1785 84 18 85
0.6388100196	1522 2243 2244 84 18 85
0.6332055821	175 880 84 18 85
0.6306713751	18 5021 1454
0.6305627250	2159 21 18 5021 1454
0.6298244068	5 84 529 85 2
0.6289555821	2552 2553 88
0.6266401222	40 44 1751 25 608 1103 18
0.6233157403	59 27
0.6232580097	84 1148 158 2 277
0.6199972651	18 60 5745 1276
0.6187038430	68 21 18 12 40 44
0.6173763447	157 566 58 970
0.6153763447	277 2 258 158 85
0.6143763447	963 85 555 33 84
0.6143763447	534 33 536 537
0.6143763447	981 982
0.6143695434	1919 908 603 84 18 85
0.6137624006	4193 5964 12992 1276 84 18 85
0.6137624006	1679 1233 18 84 17130 85
0.6137624006	16079 12992 1276 84 18 85
0.6134963656	158 93 258 158 85
0.6121190243	39 693 7 688 21 5
0.6117357932	40 44 1751 25 608 18
0.6097442574	1448 277 2 258 158 85
0.6081371145	602 4717 443 663
0.6080187796	85 555 33 34052 84 4776 85
0.6047722828	688 7 693 21 5 84
0.6021881742	18 2054 2081
0.5986465905	118 5 84 5 85 29
0.5984572730	149 39 68 21 40 44
0.5958574793	1013 18 5021 1454 84 18 85
0.5952536369	12 39 68 21 40 44
0.5871187597	402 7981 18 84 278
0.5843665834	231 88
0.5788945519	532 33 533 534
0.5762062864	117 118 18 29 128
0.5705322223	12 39 531 144 84
0.5684471048	21 5 149 39 68 21
0.5639151518	602 4717 443 663 1785
0.5608924074	899 945
0.5608924074	1516 1517
0.5608924074	391 868
0.5608924074	5934 4529
0.5608924074	6675 15751
0.5608924074	391 617
0.5608658138	815 39 688 21 5
0.5592657189	618 84 1148 158 85
0.5589005200	84 277 1448 277 2 258
0.5588829401	678 208 25 679 18
0.5587204860	273 161 7751 13778
0.5577907008	12 40 44 2024 18 966
0.5565528461	342 51 25 815 39 688
0.5563791471	118 39 1001 21 127 342
0.5563713505	732 4719 40 44
0.5560102521	12 40 44 1103 18
0.5556991471	2 130 2 729 2
0.5553840538	531 84 1148 158 85
0.5553840538	620 84 1148 158 85
0.5543840538	110 7202
0.5543840538	970 14237
0.5537188000	691 118 25 692 39 688
0.5532657189	2422 2602
0.5525528461	602 4726 663 1785
0.5516531773	118 6648 6649 4469
0.5516531773	1719 1361
0.5508590741	1784 1785
0.5508590741	6651 624
0.5506531773	391 1719
0.5496259225	84 5 85 556 33
0.5495134241	39 691 21 127 342 51 25 692
0.5485040747	100 157 33 685
0.5477912019	55 10 678 208
0.5476647552	158 2 258 158 85
0.5470645748	128 161 21 40 44
0.5467912019	127 5402 709
0.5467829021	39 688 7 693 21 5 12
0.5465610432	39 469 21 127 342 51 25 584
0.5456711810	982 983
0.5436711810	23436 2178
0.5436711810	4193 5964
0.5436711810	1024 1025
0.5429795699	2243 2244
0.5427442574	84 1148 158 2 277 85
0.5427442574	84 1148 158 2 277 85 2
0.5427442574	2 277 3176 25 85
0.5411371145	618 2023 128 888
0.5411371145	970 14237 78
0.5411371145	85 556 33 557 558 33
0.5411371145	532 33 533 534 33
0.5411371145	93 277 337 3449
0.5411371145	1241 443 663 1785
0.5411371145	33 545 106
0.5411371145	532 33 533 534 33 535 132 534 33
0.5411371145	157 566 567 195
0.5404795699	161 4960 60 7751
0.5399114330	5 84 5 85 12 39
0.5397541940	55 10 105 25 151 11
0.5327190937	342 51 25 692 39 688
0.5324001886	29 208 12 39 68 21
0.5308948995	5 84 5 85 2 128
0.5304319509	5187 5188 443 120
0.5269870680	21 5 12 39 736 21
0.5203309864	193 21 5 12 39 68 21
0.5197846141	563 558 33 565 558 33
0.5192126515	688 7 693 21 5 12
0.5191127076	25697 84 5 85 2
0.5154181891	118 39 469 21 127 342 51 25
0.5143843133	16079 12992
0.5143843133	4960 185
0.5143843133	23537 2524
0.5136477188	39 688 7 693 21 5
0.5128704643	151 11 12 39 68 21
0.5115551854	691 21 127 342 51 25
0.5100652264	39 469 21 39 342
0.5085043342	100 157 33 3662
0.5084096669	113 1458 1221
0.5083303965	144 84 258 158 85
0.5066704447	13742 215 526
0.5066704447	4824 4825
0.5066704447	1719 5732
0.5066704447	3676 168
0.5061367448	127 342 51 25 584 39
0.5043367448	127 342 51 3125 25
0.5011398008	342 51 25 692 39
0.5004175786	499 929 25 930 906
0.4999487314	4193 5964 12992
0.4987194462	12 39 68 21 602
0.4976371113	1307 3370
0.4974487314	1316 163
0.4974487314	8917 120
0.4974487314	5187 5188
0.4974487314	574 3039
0.4974487314	5927 2209
0.4965375986	2 1148 158 85 60
0.4964487314	8359 663
0.4964487314	850 785
0.4964312145	1065 5363
0.4964312145	5689 2829
0.4962903559	118 25 815 39 688
0.4959151518	157 566 58 970 14237
0.4959151518	4717 443 663 1785
0.4959151518	1154 1592 1593
0.4959151518	337 3449 135 3176 137
0.4952979008	10 208 12 39 68 21
0.4952904577	44 1751 25 608 1103
0.4952827775	1166 9085
0.4944312145	14334 14335
0.4935359135	461 208 149 39 68 21
0.4925096404	144 84 1148 158 85
0.4924271850	4 11 4 5 12
0.4908667833	24276 1395
0.4908667833	112 3458
0.4908667833	6170 357
0.4908667833	9232 357
0.4908667833	6631 796
0.4908667833	8042 1558
0.4908667833	583 1769
0.4908667833	6117 1020
0.4904373949	51 25 815 39 688
0.4898488812	118 25 815 39 688 21
0.4894683779	2 729 2 728 2
0.4890351726	128 581 2 130 2
0.4884011124	629 294
0.4884011124	1651 2019
0.4884011124	1016 2054
0.4884011124	447 2189
0.4884011124	357 2453
0.4884011124	785 18836
0.4884011124	1064 1065
0.4884011124	4048 1298
0.4884011124	7331 594
0.4884011124	5494 1586
0.4884011124	2540 4730
0.4884011124	13742 215
0.4884011124	337 3449
0.4884011124	4057 4007
0.4884011124	14208 1166
0.4884011124	13617 3034
0.4884011124	3366 3434
0.4884011124	4800 7238
0.4884011124	7238 1259
0.4884011124	1499 1500
0.4884011124	1775 1776
0.4884011124	7330 7331
0.4884011124	545 106
0.4884011124	256 1024
0.4884011124	5304 2209
0.4884011124	4050 1501
0.4879055113	84 1148 158 85 60
0.4874487314	6883 1307
0.4874011124	1024 1120
0.4874011124	3070 3034
0.4874011124	13764 405
0.4874011124	4007 4008
0.4874011124	8431 5188
0.4871339465	84 84 257 85 85
0.4849683779	720 84 5928 85 2
0.4844736185	258 158 85 2 7
0.4842828034	5 3688 84 14891 85
0.4837854913	1001 118 25 815 39
0.4837348628	7739 4157
0.4832603202	93 277 3176 2
0.4827796248	85 556 33 557
0.4826531773	16898 84 2569 85
0.4826531773	84 100 157 33 1000 100 157 33
0.4822628358	9047 2241 84 18 85
0.4822348628	4666 3138
0.4822348628	2516 3075
0.4822348628	8263 3254
0.4816531773	391 2422 2602
0.4816531773	5921 18969
0.4816531773	576 33 577 33 578 33 579 33 580 204 33
0.4816531773	157 566 58 970 14237 78 558 33
0.4816531773	682 100 157 33 3662
0.4816531773	554 33 555 33 84
0.4816531773	13393 14417
0.4812348628	18068 2518
0.4811345955	678 208 12 39 68 21
0.4786260484	342 51 25 582 39
0.4786260484	342 51 25 582 473
0.4773174820	84 5 85 55 10 208
0.4772158496	127 342 51 701 25
0.4770194643	2802 3716
0.4759765688	60 5 84 1148 158
0.4759207588	2 729 2 4874
0.4759038262	118 127 342 51 701 25
0.4756629405	100 157 33 3024
0.4754336368	128 130 2 729 2
0.4753214995	5 84 5 85 29 39
0.4752838643	39 1001 21 39 342
0.4748443866	144 84 258 1449 85
0.4747541940	149 315 820 687
0.4747015295	5021 1454
0.4747015295	1394 13492
0.4747015295	774 613
0.4740867128	183 84 3215 85 5
0.4740867128	68 21 608 25 462
0.4732015295	2516 3119
0.4732015295	4298 1889
0.4732015295	1163 1164
0.4732015295	1678 18063
0.4732015295	1089 5770
0.4732015295	2552 2553
0.4724812559	7 3117 84 13689 85
0.4724795699	499 929 25 930
0.4724795699	402 8503 2241
0.4724795699	402 7981 2241 84
0.4724795699	4800 7238 246
0.4722015295	1525 1526
0.4722015295	3626 2792
0.4722015295	4974 153 21 2601
0.4717541940	44 8951 8952
0.4714795699	1522 2243 2244
0.4714795699	277 337 3449
0.4714795699	7330 7331 594
0.4699841487	2 3 4 5 2
0.4697541940	21 127 342 51 25 815
0.4694956327	8786 14372
0.4692149754	12 39 341 342 2 275
0.4689956327	1341 3038 7 3117
0.4679956327	215 526
0.4674413159	1001 21 127 342 51 25 582
0.4669956327	2017 988
0.4663174820	688 7 689 21 5
0.4659541940	39 1001 21 127 342
0.4655995908	12 128 130 2 729
0.4655995908	128 538 2 130 2
0.4652319718	25 582 473 5
0.4652319718	36 39 95 7 567 58
0.4650695703	8503 2241
0.4644626679	179 100 157 33 25 100 157 33
0.4642319718	149 403 1249 861
0.4640695703	727 6480
0.4637826679	158 93 277 3176
0.4637826679	273 161 4960 60 7751
0.4635519718	128 130 129 132
0.4635519718	128 1504 188 798
0.4634319509	129 758 84 5805 85
0.4634319509	16079 12992 1276
0.4630390937	68 21 1751 25 608
0.4624319509	4007 4008 294
0.4621872438	899 945 946
0.4621872438	9092 836
0.4621872438	987 988
0.4621872438	574 836
0.4621872438	2017 3394
0.4621872438	2138 5122
0.4621872438	2476 174
0.4621872438	110 8917
0.4621872438	5082 2794
0.4621872438	1274 2717
0.4621872438	1269 4093
0.4621872438	5161 6152
0.4621872438	568 1114
0.4621872438	499 1085
0.4621872438	8767 4051
0.4621872438	1460 1461
0.4619541940	55 10 208 25 679
0.4614319509	3945 2518 294 84
0.4614319509	5304 2209 567
0.4612319718	51 701 25 692
0.4593167344	1929 7916
0.4592280265	40 12 39 5 144
0.4546409322	84 5 85 55 10
0.4541539104	884 2155
0.4541539104	1178 1179
0.4541539104	3288 4525
0.4541539104	1005 227
0.4541539104	1529 2956
0.4541539104	1932 5741
0.4541539104	672 2722
0.4541539104	2516 3185
0.4541539104	3034 1630
0.4541539104	3942 4666
0.4541539104	4545 6604
0.4541539104	5266 5267
0.4541539104	18221 594
0.4541539104	2138 5116
0.4541539104	5192 638
0.4532015295	113 1458
0.4532015295	2906 1150
0.4532015295	1879 1880
0.4521539104	7837 1105
0.4476698603	12 39 341 342 2
0.4475698531	21 39 688 7 693 21
0.4470005731	688 21 5 12 39 68 21
0.4469480136	116 640
0.4469480136	13460 3394
0.4469480136	1060 1061
0.4469480136	3011 1977
0.4469480136	520 521
0.4469480136	1470 1471
0.4469480136	9122 3718
0.4469480136	8767 1
0.4469467039	692 39 688 7 693 21
0.4466689261	105 25 151 11 12
0.4461278758	39 1001 21 127 342 51
0.4459956327	110 8917 120
0.4459956327	707 629
0.4452632977	39 2865 21 5 12 39
0.4451225836	39 469 21 127 342 51 25 582
0.4446955120	51 1702 863
0.4444990505	403 39 3057 21 39
0.4441702359	1952 346
0.4439480136	14388 5623
0.4439480136	1847 664
0.4439480136	499 929
0.4439480136	4917 3062
0.4439480136	972 973
0.4430775042	265 499 929 25 930
0.4422111034	5 29 170 21 39
0.4409467039	815 39 688 7 693 21
0.4408990849	1703 39 688 7 693 21
0.4408670427	21487 59
0.4408670427	899 4358
0.4408670427	2042 8295
0.4408670427	5727 1276
0.4404888812	5 84 5 85 55 10
0.4402271850	39 469 21 39 342 51
0.4398990849	266 39 688 7 693 21
0.4387305463	118 25 692 39 688 7
0.4371342712	39 688 7 693 21 39
0.4348586470	691 118 39 469 21
0.4339451337	55 10 208 12 39
0.4333674366	2594 503
0.4332979008	25 151 11 12 39 68 21
0.4331798019	469 21 127 342 51 25 815
0.4325553326	1651 39 20 21 128
0.4317044367	469 21 39 342 51 25
0.4316926799	127 342 51 25 692
0.4302979008	21 127 342 51 25
0.4297128993	25 692 39 688 7
0.4293455199	21 127 342 265 25
0.4291252160	18 84 18 85 2
0.4284484950	691 118 25 815 39 688 7
0.4277605183	25 692 39 693 7
0.4271704368	8431 5188 443
0.4270975146	25 815 39 952 21
0.4270383574	17060 5 84 6871 85
0.4268488812	118 25 815 39 78 21
0.4267605183	25 815 39 688 7
0.4265553326	342 51 25 584 39
0.4261451337	12 1170 7 1346 44
0.4260052908	117 118 5 84 5 85
0.4254312145	161 4960 185
0.4254312145	14380 14454
0.4254312145	4553 4554
0.4250975146	51 3125 25 692 39
0.4247841186	1064 4147
0.4236788532	21 39 341 342 51 25
0.4236312342	39 469 21 127 342 29 25
0.4230158496	25 151 315 11 820
0.4229055113	93 277 3176 25
0.4225668299	691 118 39 691 21 127
0.4222983684	3505 2 277 3176 25
0.4220158496	9 10 105 25
0.4215716843	40 84 277 85
0.4204314609	3213 1395
0.4204314609	1472 9439
0.4204314609	26691 526
0.4189514453	3324 891 342 21
0.4183443024	3324 891 132 21
0.4183443024	1499 1500 21
0.4181345955	118 25 692 39 688 7 693 21
0.4179314609	1478 5116
0.4179314609	3020 3467
0.4179314609	1140 5132
0.4173443024	277 337 3449 84 3176 85 25
0.4169314609	593 594
0.4169314609	13577 526
0.4168312342	39 68 21 722 149
0.4162509616	342 51 25 815 39
0.4161345955	691 118 25 342 39
0.4158788532	25 1703 39 78 21
0.4158788532	25 582 39 688 7
0.4156260484	691 118 39 469 21 127 342 51 25
0.4151345955	691 118 25 815 39 688 21
0.4139038262	691 118 39 469 21 127
0.4139038262	691 118 25 584 39
0.4139038262	989 118 25 1703 39
0.4139038262	989 118 25 692 39
0.4139038262	275 341 128 20 21
0.4138788532	25 692 39 688 7 693 21
0.4138788532	51 25 692 39 688 7 693 21
0.4138788532	39 952 7 693 21
0.4138312342	25 582 39 229 21
0.4135662209	2346 1591
0.4132158496	51 3125 25 815 39
0.4129038262	342 51 3298 25
0.4126260484	342 51 25 1703 39
0.4126260484	469 21 127 342 51 25 692 39
0.4124936273	127 342 489 25
0.4122966834	2415 39 1765 82
0.4122966834	80 9 105 82
0.4122634686	39 469 21 39 341 342 51
0.4119514453	989 118 39 469 21
0.4119038262	989 118 25 815 39
0.4119038262	1001 118 25 692 39
0.4119038262	118 127 342 489 25
0.4114936273	128 3901 726 21
0.4112966834	342 51 1702 863
0.4112634686	25 584 39 229 21
0.4112158496	39 567 21 722 149
0.4103443024	5260 7 5298 21
0.4095796391	12 18 84 18 85
0.4089862393	5 85 12 40 44
0.4049523309	5 149 39 1134 21
0.4047901655	21 18 84 18 85
0.4014815629	55 10 105 25 151
0.3997456327	183 1236 84 5 85
0.3988838418	3072 2981
0.3988838418	5402 709
0.3988838418	632 2162
0.3988838418	16994 1787
0.3988838418	1886 4582
0.3988838418	5108 1117
0.3988838418	1275 977
0.3988838418	674 3426
0.3988838418	2066 1164
0.3988838418	3666 703
0.3988838418	4542 1010
0.3988838418	1776 1082
0.3988838418	6210 690
0.3988838418	3634 812
0.3988838418	1370 594
0.3988838418	5604 464
0.3988838418	1773 357
0.3988838418	695 16994
0.3988838418	5404 1607
0.3982456327	538 2 130 2 729
0.3982456327	9652 5 84 18066 85
0.3974956327	175 880 881
0.3974225698	678 208 149 39 68 21
0.3972456327	183 5 84 17125 85
0.3969956327	5304 2209 720 84 5928 85
0.3969956327	4202 5 3688 84 14891 85
0.3969956327	130 129 758 84 5805 85
0.3969956327	13521 2969 84 13522 85
0.3969956327	17052 84 17070 85
0.3959956327	277 337 3449 135 3176 137
0.3959956327	2182 84 2358 85
0.3959956327	682 904 687 85
0.3959956327	860 1305 128 888
0.3959956327	785 18836 4827
0.3959956327	1775 1776 1082
0.3959956327	3627 14372
0.3959956327	110 7202 5337
0.3959956327	14208 1166 9085
0.3959956327	2540 4730 1066
0.3959956327	23436 2178 357
0.3949956327	4598 4495
0.3927440629	265 130 25 930 906
0.3917243119	40 44 18 84 18 85
0.3893108966	39 691 21 127 342 51
0.3851906437	12 40 44 402
0.3836955120	39 469 21 127 342 29
0.3834909376	7751 18 84 18 85
0.3823909376	3038 7 18 84
0.3801980136	130 2 729 2 728
0.3796280136	11 7 147 148
0.3789480136	470 528 7 126 118
0.3789480136	126 118 170 605
0.3781251233	273 1394 13492
0.3779480136	572 140 157 158 687
0.3779480136	4057 4007 4008 294
0.3779480136	8431 5188 443 120
0.3779480136	981 982 983
0.3779480136	256 1024 1120
0.3779480136	256 1024 1025
0.3779480136	5494 1586 118
0.3779480136	13617 3034 1630
0.3779480136	738 1608 3063
0.3779480136	1943 1944
0.3779480136	18320 18321
0.3779480136	3844 3845
0.3779480136	3666 4503
0.3779480136	3085 1963
0.3779480136	62 6883 995 946
0.3779480136	2000 13764 405
0.3779480136	5927 2209 720
0.3779480136	574 836 1630
0.3779480136	8774 4889 246
0.3779480136	8652 28720
0.3779480136	4012 2908
0.3779480136	5304 5916
0.3769480136	3613 2555
0.3761702359	4057 4007 4008
0.3759956327	5927 2209 720 84 5928 85
0.3759480136	4193 5964 12992 1276
0.3759480136	447 2189 246
0.3759480136	5304 2209 720
0.3759480136	574 3039 1630
0.3759480136	3070 3034 1630
0.3759480136	7088 7089
0.3757379682	39 324 21 127 342
0.3753357460	12 127 342 2 275
0.3753053944	39 193 21 5 12 39
0.3751225836	39 1001 21 127 342 51 25 815
0.3751225836	39 1001 21 127 342 51 25 692
0.3751225836	906 437 60 12 793
0.3749956327	1518 7238 1259
0.3745560018	2159 21 18 5021
0.3744797264	990 265 749 991 419
0.3744797264	990 51 749 991 1247
0.3737575042	39 334 461 208
0.3730775042	127 1651 2019
0.3730775042	265 499 1085 25 930
0.3730775042	39 545 106
0.3723060018	193 558 33 18
0.3721225836	29 128 1055 7 11
0.3714778053	18 84 9048 85
0.3709710924	12 40 44 7751
0.3709710924	12 40 44 602
0.3707843195	1702 863
0.3682899511	12 40 44 7751 18 84 18 85
0.3674060018	262 2949 18
0.3662414696	12 40 44 18 2
0.3639833600	499 1085 25 930
0.3639647638	1245 465 450 23
0.3639163529	114 12 40 44
0.3595546807	1608 3063
0.3574512332	29 11 12 39 68 21
0.3573844951	9672 501
0.3563844951	4928 502
0.3549114675	25 151 11 12 39
0.3544742741	558 33 18 157 566
0.3514231803	118 39 1001 21 127 342 51 25
0.3507009581	118 25 815 39 688 7 693 21
0.3504231803	437 7 12 793 44
0.3490855735	691 118 25 692 39 688 7 693 21
0.3488112332	39 469 21 39 342 51 25
0.3471924111	437 60 12 793 44
0.3454701889	5 84 33148 85 29
0.3449009669	39 68 21 18 12
0.3413892233	21 402 4903 18
0.3390969475	39 1001 21 127 342 51 25
0.3380969475	39 691 21 127 342 51 25
0.3374413814	40 182 44 5
0.3354815629	29 170 21 39 334
0.3354815629	55 10 105 25
0.3354815629	21 127 342 51 25 582 473
0.3354815629	4 108 2556 25
0.3347364996	5187 5188 443
0.3344070665	25 692 39 688 21
0.3341447921	126 118 127 51 128
0.3334225698	275 388 39 78 21
0.3334225698	275 1651 39 20 21 128
0.3334225698	691 118 25 1703 39
0.3334225698	691 118 25 582 473
0.3334225698	691 118 25 815 39
0.3334225698	275 1651 128 20 21
0.3334070665	25 584 39 78 21
0.3325291819	265 315 1534 25
0.3323594475	25 692 39 78 21
0.3321447921	469 21 39 341 342 51 25
0.3314225698	691 118 25 582 39
0.3313594475	25 1703 39 229 21
0.3297916819	39 3014 7 1248 21
0.3293594475	25 815 39 688 21
0.3293594475	25 692 39 229 21
0.3284070665	39 688 7 160 21
0.3284070665	25 1703 39 688 21
0.3283594475	25 815 39 688 7 693 21
0.3280694597	128 1504 188 798 21
0.3280047974	25 2415 39 1765
0.3277440629	403 1249 4 11 4
0.3270218407	51 3484 182 44
0.3270218407	265 499 929 25 930 906
0.3270218407	286 333 1830 82
0.3270218407	286 324 1830 82
0.3270218407	108 1027 2865 12
0.3270218407	1277 324 1830 82
0.3270218407	286 324 2580 82
0.3260218407	286 1416 1830 82
0.3257440629	25 2415 39 1765 82
0.3247440629	265 367 112 12 39
0.3159316335	40 44 117 118
0.3159316335	40 7 126 118
0.3146275771	2030 346
0.3118448700	18 84 278 85
0.3088448700	18 344 5 1046
0.3085029570	40 44 691 118
0.3068448700	18 7 3117 84
0.3049828105	40 44 402 4903
0.3049828105	40 465 523 5
0.3044138879	2949 18 84 6055 85
0.3044138879	663 1785 84 18 85
0.3029819536	691 118 25 692 39
0.3028033956	39 693 7 688 21
0.3021638879	402 9047 18 84 9048
0.3002923343	40 44 732 4719
0.2988668235	5 12 40 44 18
0.2964259012	7734 4157
0.2961367289	39 688 7 689 21
0.2948573002	2 5 84 5 85 2
0.2948573002	85 7 5 84 5 85
0.2923229898	1134 7 68 21 18
0.2912875919	68 21 18 44 5
0.2901974612	40 44 18 465
0.2874588221	5 149 68 21 18
0.2872450803	40 44 402 18
0.2867450803	40 44 18 182
0.2862450803	18 12 40 465
0.2859243400	84 18 85 2 411
0.2848327435	402 4903 2241 84 18 85
0.2848098118	5 344 1341 18
0.2847422378	40 44 1140 18
0.2843446435	25 1703 39 688 7
0.2837422378	40 44 7751 18
0.2837422378	40 44 2024 18
0.2822220912	40 44 785 18
0.2819243400	1276 84 18 85 7
0.2818132419	1276 84 18 85 2
0.2793685232	85 12 40 44 18
0.2783685232	68 21 40 44 18
0.2766128038	68 21 18 118 128
0.2765648549	149 39 68 21 40
0.2763616691	18 12 39 1637
0.2762056451	1221 84 18 85
0.2762056451	2241 84 18 85
0.2762056451	68 21 176 18
0.2747353324	40 44 462 18
0.2747353324	40 44 62 18
0.2744128461	18 93 48 2
0.2743176080	18 29 128 1679
0.2739748759	1341 3038 7 18
0.2739748759	1341 18 7 3117
0.2739748759	1134 21 2949 18
0.2725532672	40 44 310 18
0.2717699890	40 465 1393
0.2717699890	40 572 687
0.2716395072	5377 358
0.2714604652	18 1381 265 367
0.2714604652	18 84 13689 85
0.2708624941	12 40 44 1785
0.2707642633	44 5 84 5 85
0.2704783060	12992 1276 84 18 85
0.2699783060	723 40 44 402
0.2698624941	12 40 44 1751
0.2689783060	17329 946 84 18 85
0.2689783060	1140 18 84 1060 85
0.2688612189	12 39 68 21 40
0.2683354489	176 18 84 20934 85
0.2683354489	785 18 84 851 85
0.2682283060	2159 1013 18 5021 1454
0.2677283060	9569 245 18 84 14220
0.2676042523	39 1886 18 1342 132
0.2674128461	18 535 758 144
0.2660522067	21 5 12 40 44
0.2659157850	3745 18 3682
0.2659157850	17407 443 18
0.2659157850	3571 1785 18
0.2641424845	7 5 12 40 44
0.2640789924	44 5 12 40 44
0.2627060591	39 469 21 39 341 342
0.2622590369	40 44 14 18
0.2622590369	40 44 1751 18
0.2609608981	18 60 5745
0.2609608981	18 253 3631
0.2609608981	18 443 6151
0.2608839779	68 21 462 18
0.2607765695	469 21 39 342 51
0.2597388904	40 44 7937 18
0.2597388904	40 44 3708 18
0.2596513743	40 44 3680 18 946
0.2593066559	40 44 176 18
0.2593066559	18 12 40 632
0.2593066559	40 44 1434 18
0.2583066559	40 44 602 18
0.2580085171	18 443 5741
0.2580085171	18 2054 1066
0.2576912713	40 44 18 966
0.2575085171	18 4825 1259
0.2571912713	40 44 18 3705
0.2570085171	18 273 1394
0.2566912713	40 44 2632 18
0.2552590369	40 44 1103 18
0.2549608981	18 403 794
0.2541614562	145 118 12 40
0.2532801407	40 44 5224 60
0.2521898193	18 7 3117 12
0.2519306870	3993 1276 84 18 85
0.2512133371	5 84 5 85 33
0.2510989031	84 18 85 29 128
0.2508479063	18 84 6055 85 12
0.2500276488	21 18 7 3117
0.2488742300	68 21 310 18
0.2487437740	25 5 84 5 85
0.2480408268	12 39 1134 21 18
0.2478742300	84 18 85 2159
0.2478479063	40 265 182 44
0.2473572289	2290 18 7 3117
0.2470276488	21 2949 18 84
0.2469306870	16101 1276 84 18 85
0.2465408268	149 39 736 21 18
0.2463742300	68 149 462 18
0.2455863602	12 40 44 18 84
0.2450310789	21 40 44 62
0.2445310789	12 40 44 62
0.2440310789	21 40 44 462
0.2440310789	12 40 44 462
0.2418363588	68 21 62 18
0.2418363588	5 149 18 1414
0.2417700633	68 21 3305 18
0.2414790103	11 12 40 44
0.2410310789	128 144 21 40
0.2408080975	25 18 25697 84
0.2395392941	68 21 18 3705
0.2395392941	4904 84 18 85
0.2395392941	6480 84 18 85
0.2393205624	12 39 736 21 18
0.2385883342	1751 25 608 1103 18
0.2385392941	2524 84 18 85
0.2385392941	402 4903 18 84
0.2381067256	2029 2030 346
0.2378964369	9039 18 7 3117
0.2378964369	9039 3038 7 18
0.2377185872	18 157 566
0.2369790103	531 12 40 44
0.2369790103	736 21 40 44
0.2364269122	12 40 44 310
0.2362688856	402 4903 18 84 9048 85
0.2354147543	39 68 21 18 2
0.2348115276	12 40 44 2632
0.2348115276	12 40 44 3708
0.2343455878	3680 18 946 84 18 85
0.2338391448	5 84 5 85 25
0.2338391448	84 5 85 12 39
0.2338115276	12 40 44 2024
0.2334932077	149 39 1134 21 18
0.2325944325	39 68 21 18 44
0.2323792932	12 40 44 608
0.2320873460	402 7981 18
0.2320873460	402 9047 18
0.2320873460	62 1522 18
0.2315900296	18 40 182 44
0.2314802032	3906 6152 18
0.2314802032	1518 18 1259
0.2314802032	15461 1886 18
0.2314802032	3700 18 946
0.2314802032	1013 18 5021
0.2314802032	682 18 3208
0.2314802032	2024 18 966
0.2314802032	325 467 18
0.2314802032	4992 1046 18
0.2313792932	128 161 21 40
0.2313748436	903 12 40 44
0.2311203002	12 39 5 144 84
0.2310266448	5 84 5 85 149
0.2307639086	51 769 12 40
0.2307639086	51 266 12 40
0.2307639086	12 40 44 7937
0.2307066184	18 51 182 44
0.2304802032	9569 245 18
0.2298435204	21 5 84 5 85 12
0.2289066704	25697 84 5 85
0.2283559012	93 258 158 85
0.2283559012	2 1148 158 85
0.2283559012	84 258 158 2
0.2283559012	84 1148 158 85
0.2282912858	84 529 85 2
0.2281624030	1341 18 12 40
0.2276759012	84 2709 84 85
0.2276759012	84 277 3176 2
0.2276759012	277 3176 25 85
0.2276759012	277 3176 25 2
0.2276759012	85 555 33 84 5 85 555 33
0.2276759012	277 5 44 4588
0.2276759012	84 277 3176 85
0.2276759012	144 84 277 85
0.2276759012	2 277 3176 2
0.2276759012	84 144 502 85
0.2276759012	277 3176 2 85
0.2276759012	84 5 85 555 33
0.2276759012	84 257 85 85
0.2276759012	84 85 344 888
0.2276759012	1046 21 7147 5
0.2276759012	5 84 2569 85
0.2276759012	5 85 556 33
0.2276759012	2 7 5072 84
0.2276759012	5 2709 84 85
0.2275809106	39 68 21 40 44
0.2270330441	5073 2 5071 2
0.2270330441	85 555 33 84
0.2270330441	277 3176 25 93
0.2270330441	277 416 277 2
0.2270330441	277 1448 277 2
0.2270330441	5073 2 5062 2
0.2270330441	84 277 416 277
0.2270330441	2709 84 85 157
0.2267066184	18 265 130 25
0.2264259012	85 555 33 34052 84 4776 85 555 33 34053 84 4833 85 556 33
0.2264259012	970 143 576 33 577 33 578 33 579 33 580 204 33
0.2264259012	85 555 33 34052 84 4776 85 555 33 34053 84 4833
0.2264259012	554 33 555 33 84 27359 963 85 555 33 84
0.2264259012	555 33 84 27359 963 85 555 33 84
0.2264259012	555 33 84 17039 85 555 33 34051 84
0.2264259012	558 33 567 195 2 793 558 33
0.2264259012	970 699 157 566 708 193 558 33
0.2264259012	534 33 536 537 544 33
0.2264259012	157 566 708 193 558 33
0.2264259012	534 33 535 132 534 33
0.2264259012	157 566 567 34060 970 143
0.2264259012	558 33 567 195 2
0.2264259012	558 33 3799 558 33
0.2264259012	579 33 580 204 33
0.2264259012	558 33 563 558 33
0.2264259012	576 33 577 33
0.2264259012	2 6809 2100 33
0.2264259012	1558 84 8086 85
0.2264259012	2 543 2100 33
0.2264259012	2 915 2100 33
0.2264259012	2 503 2100 33
0.2264259012	2 8412 2100 33
0.2264259012	2 257 2100 33
0.2264259012	554 33 555 33
0.2264259012	572 558 33
0.2264259012	62 325 467
0.2264259012	84 682 1247
0.2264259012	558 33 27359
0.2264259012	3276 2 3274
0.2264259012	7145 9249 9250
0.2264259012	1678 768 405
0.2264259012	1000 100 157
0.2264259012	2130 1988 1989
0.2264259012	908 828 2930
0.2264259012	1448 100 157
0.2264259012	157 566 567
0.2264259012	602 4717 443
0.2264259012	558 33 563 558 33 565 558 33
0.2264259012	85 29 33 84 5468 85 5469 33
0.2264259012	532 33 533 534 33 535 132
0.2264259012	558 33 571 572 558 33
0.2264259012	534 33 536 537 534 33
0.2264259012	576 33 577 33 578 33
0.2264259012	33 5466 33 29 33 84
0.2264259012	558 33 723 558 33
0.2264259012	558 33 27359 34054 970
0.2264259012	970 14237 78 558 33
0.2264259012	534 33 130 129 132
0.2264259012	558 33 565 558 33
0.2264259012	558 33 570 558 33
0.2264259012	558 33 1588 558 33
0.2264259012	970 19055 193 558 33
0.2264259012	118 4469 2 118 958
0.2264259012	556 33 557 558 33
0.2264259012	85 555 33 34051 84
0.2264259012	970 699 558 33
0.2264259012	2 134 2100 33
0.2264259012	2 1261 2100 33
0.2264259012	2 371 2100 33
0.2264259012	2 3232 2100 33
0.2264259012	2 258 2100 33
0.2264259012	2 959 2100 33
0.2264259012	157 566 708 193
0.2264259012	2 356 2100 33
0.2264259012	2 1148 2100 33
0.2264259012	558 33 565
0.2264259012	542 2 4408
0.2264259012	277 100 157
0.2264259012	904 100 157
0.2264259012	33 536 537
0.2264259012	199 1066 84
0.2264259012	135 277 137
0.2264259012	602 4726 663
0.2264259012	342 534 33
0.2264259012	118 6648 6649
0.2264259012	5462 33 2404 33 5113 5463 33
0.2264259012	544 33 545 106 546 33
0.2264259012	2 414 2100 33
0.2264259012	542 19902 542 33
0.2264259012	84 277 337
0.2257066184	18 691 118 25
0.2232156711	85 149 39 68 21
0.2222156711	2 7 39 193 21
0.2217542374	18 344 1046 21
0.2214916750	736 21 62 18
0.2214916750	208 25 679 18
0.2211933582	18 84 18 85 29
0.2207066184	18 29 122 44
0.2199329414	68 21 18 12 40
0.2193272246	769 12 40 44
0.2193272246	266 12 40 44
0.2193272246	126 118 40 44
0.2192779419	18 1336 7 273
0.2189313912	80 12 40 44
0.2187224443	603 84 18 85
0.2187224443	402 7 62 18
0.2185605310	21 5 12 39 68 21
0.2177700633	880 84 18 85
0.2172156711	84 277 85 12 39
0.2172156711	84 277 85 2 7
0.2167700633	1454 84 18 85
0.2164916750	991 811 12 18
0.2164916750	608 25 462 18
0.2164916750	68 21 7937 18
0.2161603002	149 39 68 21 62
0.2156825841	367 46 18
0.2155920669	128 171 44 18
0.2155392941	736 21 1341 18
0.2153325841	465 265 41
0.2150484885	723 40 44 18
0.2143272246	1345 12 40 44
0.2143255610	18 253 1046 21
0.2140397270	784 179 18
0.2140397270	608 1103 18
0.2139728918	158 100 157
0.2139728918	179 100 157
0.2139728918	1148 158 93
0.2135920669	21 3038 7 18
0.2134325841	1013 4943 18
0.2110075867	2166 1688
0.2107577954	18 4 147 4
0.2090397270	62 1069 18
0.2088782489	149 39 1134 21 2949
0.2088782489	39 736 21 1341
0.2088782489	1148 158 85 2
0.2088782489	258 158 85 2
0.2088136335	39 688 2 693
0.2085010422	12 40 44 18 60
0.2084325841	462 1069 18
0.2084325841	1679 1233 18
0.2081982489	60 2 277 3176
0.2081982489	128 84 14763 85
0.2080873460	62 2024 18
0.2076320439	12 40 44 18 7
0.2075553918	12 175 880
0.2075553918	100 157 33 1448 100 157 33
0.2075553918	158 2 277 3176
0.2075553918	2431 84 85 157
0.2075553918	9899 2100 33
0.2075553918	273 161 7751
0.2075553918	9899 9757 33
0.2075553918	344 768 1076
0.2075553918	9933 2100 33
0.2075553918	100 157 33
0.2075553918	344 908 828
0.2075553918	9933 9757 33
0.2075553918	44 62 1069
0.2075553918	5987 9757 33
0.2075553918	619 620 85
0.2073939519	12 39 68 21 18
0.2069742534	596 594
0.2065444479	39 1491 21 18
0.2063725156	149 1341 18 736
0.2063725156	149 1341 18 143
0.2063725156	149 1341 18 1414
0.2063725156	44 402 4903 18
0.2060644130	12 40 44 1103
0.2045444479	25 679 18 2
0.2019358316	1341 18 143 12
0.2015920669	39 1248 21 18
0.2013027540	39 736 21 18 12
0.2003810729	149 68 21 18 7
0.2003810729	149 68 21 18 12
0.1995756711	4950 2 5 2 7
0.1985310755	25 679 40 44
0.1979633099	12 40 465 827
0.1979633099	12 1637 40 44
0.1979633099	12 5710 40 44
0.1979090044	118 128 651 21
0.1976012513	84 277 1448 277
0.1969941085	532 33 533
0.1969941085	85 555 33 34052 84 4776
0.1969941085	27359 34054 970
0.1969941085	157 566 58
0.1969879003	44 7751 18 84
0.1969879003	44 1103 18 84
0.1969402812	39 1820 21 18
0.1959599677	880 881
0.1956782352	1448 277 2 258
0.1956782352	277 3176 2 258
0.1956782352	2709 84 85 344
0.1956782352	277 2 258 158
0.1956782352	2 277 3176 25
0.1956782352	144 751 44 39
0.1956782352	5 144 84 258
0.1956782352	85 84 1148 158
0.1956782352	84 277 85 827
0.1956782352	277 3176 2 25
0.1953248966	12 19 7 1170
0.1950710923	5439 1117 21
0.1950710923	558 33 566
0.1950710923	277 3176 158
0.1950710923	1449 157 158
0.1950710923	970 699 157 566
0.1950710923	84 140 157 158
0.1950710923	556 33 557
0.1934923793	117 118 18 29
0.1929266343	2054 2081
0.1929266343	1592 1593
0.1925310755	12 723 40 44
0.1917106318	85 12 39 68 21
0.1882970573	12 128 671 21
0.1860150060	4 108 1262 25
0.1860150060	258 158 85 7
0.1860150060	1148 158 85 60
0.1860150060	1148 158 85 44
0.1860150060	257 158 93 258
0.1860150060	1148 158 85 265
0.1860150060	158 93 258 158
0.1797041848	13220 357
0.1797041848	19400 357
0.1797041848	8774 4889
0.1772775060	258 1449 85 7
0.1772775060	108 402 6630 21
0.1771061843	21 18 12 40 44
0.1767438492	25 679 18 7
0.1762438492	344 1341 18 7
0.1756962302	25 679 18 12
0.1753618628	12 40 44 175
0.1723644396	5 84 5 85 68
0.1696396826	149 18 143 273
0.1684195461	149 39 68 21 18
0.1666962302	44 18 465 265
0.1637041848	9687 357
0.1614266256	1751 25 608 18
0.1613171792	40 784 179
0.1596747929	18 84 258 1449
0.1580319358	40 572 140
0.1574650984	18 265 182 44
0.1573513743	693 7 688 21 5
0.1565243897	158 2 258 158
0.1536847076	688 2 693 2
0.1536847076	5 84 1038 85
0.1531339384	84 1148 158 2
0.1524910813	93 1148 158 85
0.1524539384	8458 503 84 5 85
0.1524539384	2 258 1449 85
0.1524539384	84 618 620 85
0.1524539384	538 2 729 2
0.1524539384	118 128 1001 118
0.1524539384	5 84 18567 85
0.1524539384	1066 13895 84 5 85
0.1524539384	2 130 2 728
0.1524539384	2 729 2 130
0.1524539384	5 84 18534 85
0.1518110813	567 84 1505 85
0.1512039384	1440 2 9706
0.1512039384	157 158 685
0.1512039384	14643 357 2453
0.1512039384	618 619 620
0.1512039384	4730 1066 84
0.1512039384	1241 443 663
0.1512039384	1326 36 5187
0.1512039384	1458 1221 84
0.1512039384	277 337 3449 84 3176 85
0.1512039384	4872 84 17336 85
0.1512039384	758 84 5805 85
0.1512039384	4717 443 663
0.1512039384	135 3176 137
0.1512039384	153 21 2601
0.1512039384	2 277 337
0.1512039384	4960 60 7751
0.1511205597	39 193 21 5 84
0.1511205597	39 78 21 5 84
0.1511205597	39 229 21 5 84
0.1505638944	18 84 1148 158
0.1463667736	84 5 85 2 128
0.1463667736	5 149 39 68 21
0.1427066355	118 5 84 5 85
0.1419381527	85 12 39 736 21
0.1419381527	229 21 5 344 39
0.1419381527	5 12 39 1134 21
0.1399381527	118 39 469 21 39
0.1384731512	51 100 157
0.1376605597	149 39 68 21 462
0.1356784375	7 5 12 39 68 21
0.1351382168	85 4 147 4
0.1351382168	144 820 12 39
0.1342716708	39 68 21 3305
0.1342716708	39 68 21 602
0.1337780147	118 39 793 21 5
0.1336562862	12 39 143 144
0.1332981527	688 21 39 793 21
0.1329762862	39 143 144 84
0.1325868796	2 258 158 85
0.1323334290	273 161 4960
0.1323334290	749 991 1247
0.1323334290	1245 465 523
0.1308140595	732 4719 40
0.1276784946	1001 118 39 1001 21
0.1276784946	743 688 7 693 21
0.1270713518	7737 697 21
0.1270713518	161 4960 60
0.1263506598	39 78 21 5 7
0.1238047773	84 258 158 85
0.1232881598	39 793 21 5 7
0.1231247773	538 2 130 2
0.1225957925	118 12 128 130
0.1219291258	1001 21 39 342
0.1219157925	5 118 128 1472
0.1219157925	68 21 117 118
0.1217491258	118 128 691 118
0.1212491258	118 25 692 39 688
0.1212491258	118 128 117 118
0.1206983566	437 7 12 793
0.1206983566	342 51 25 692
0.1205183566	5 84 6871 85
0.1205183566	84 100 85 33
0.1205183566	729 2 130 2
0.1205183566	183 84 3260 85
0.1202491258	112 12 39 5 144
0.1202491258	793 195 44 5
0.1200183566	815 39 688 7 693
0.1200183566	84 258 140 85
0.1200183566	4202 28 21 5
0.1200183566	2207 84 85 33
0.1200183566	751 44 531 2
0.1200183566	581 2 130 2
0.1200183566	342 2 275 388
0.1200183566	84 258 1449 85
0.1200183566	130 2 728 2
0.1200183566	691 118 39 691
0.1200183566	5 84 2078 85
0.1200183566	5 84 33148 85
0.1192683566	3117 84 13689 85
0.1192683566	3505 2 277 3176
0.1192683566	618 860 1305
0.1192683566	618 2023 620
0.1190183566	118 39 341 342
0.1187683566	161 7751 13778 84 13779 85
0.1187683566	2346 1591 84 4963 85
0.1187683566	2969 84 13522 85
0.1187683566	120 84 14860 85
0.1187683566	5468 85 5469 33
0.1187683566	140 157 158 277
0.1187683566	59 243 2
0.1187683566	183 13521 2969
0.1187683566	5188 443 120
0.1187683566	2 572 687
0.1187683566	93 277 3176
0.1187683566	1678 5 1659
0.1187683566	1449 685 85
0.1187683566	161 7751 13778
0.1187683566	1066 13895 84
0.1187683566	3993 1276 84
0.1187683566	3945 2518 294
0.1187683566	1518 7238 1259 84 2488 85
0.1187683566	1088 84 7762 85
0.1187683566	1298 84 24999 85
0.1187683566	1880 1894 84
0.1187683566	1880 4147 84
0.1187683566	5680 2 5693
0.1187683566	17052 2 5615
0.1187683566	17052 2 4776
0.1187683566	2240 2241 84
0.1187683566	3375 768 1076
0.1187683566	135 10324 137
0.1187683566	2264 273 1395
0.1187683566	4505 245 946
0.1187683566	860 1305 620
0.1183754994	93 258 1449 85
0.1177683566	443 120 84
0.1177683566	2023 620 85
0.1177683566	4726 663 1785
0.1173528723	149 128 1415 21
0.1167374877	39 3057 21 39
0.1167374877	403 128 798 21
0.1167374877	7 4 11 4
0.1167374877	1148 158 85 7
0.1159311917	688 21 5 12 39
0.1158649778	344 39 193 21 5
0.1158649778	12 39 68 21 402
0.1158649778	12 39 68 21 62
0.1157803487	84 5 85 29 128
0.1147608912	5 84 5 85 29
0.1147374877	44 8458 503
0.1133649778	60 12 793 44 5
0.1133649778	149 39 68 21 402
0.1128649778	12 39 68 21 462
0.1125025709	11 12 39 68 21
0.1125025709	208 12 39 68 21
0.1117803487	5 12 39 736 21
0.1117803487	1000 5 12 39 68 21
0.1117803487	117 118 5 2 128
0.1105025709	11 149 39 68 21
0.1097803487	357 84 5 85 7
0.1095481734	118 12 127 342
0.1095025709	531 12 39 68 21
0.1093729597	469 21 127 342 51 25 692
0.1092777654	7 277 2 510
0.1088815068	469 21 39 342
0.1088815068	5 29 108 11
0.1086328075	1336 7 273 68
0.1086328075	25 151 315 11
0.1086328075	25 151 108 11
0.1079899503	990 51 749 991
0.1079899503	990 51 749 1247
0.1079899503	990 265 749 991
0.1076507375	437 60 12 793
0.1076507375	5 29 128 1055
0.1076507375	963 3 4 5
0.1076507375	342 51 25 4036
0.1076507375	324 21 127 342
0.1076507375	85 29 128 1679
0.1076507375	5 55 10 208
0.1069707375	535 688 7 693
0.1069707375	117 118 127 342
0.1069707375	145 118 127 342
0.1069707375	691 118 127 342
0.1069707375	5 84 5577 85
0.1069707375	130 2 729 2
0.1069707375	126 7 324 118
0.1069707375	1236 84 5 85
0.1069707375	117 7 989 118
0.1069707375	85 29 678 208
0.1069707375	989 118 25 582
0.1069707375	642 805 21 5
0.1069707375	720 84 5928 85
0.1069707375	28740 357 84 5 85
0.1069707375	528 7 126 118
0.1069707375	691 118 25 4036
0.1069707375	694 118 127 342
0.1069707375	275 751 39 688
0.1069707375	342 266 39 688
0.1069707375	85 93 48 2
0.1069707375	5 29 678 208
0.1069707375	2 729 2 728
0.1069707375	989 118 127 342
0.1068815068	2 3 4 5
0.1066328075	21 127 342 29 25 692
0.1063278804	2607 7 126 118
0.1063278804	5685 7 126 118
0.1063278804	729 2 728 342
0.1063180196	2 44 60 92
0.1062015068	5 84 543 85
0.1060375694	1559 23 4834
0.1059899503	39 334 1062
0.1059899503	450 23 2925
0.1059899503	450 23 4834
0.1059899503	55 10 155
0.1059899503	51 147 148
0.1059899503	29 147 148
0.1059899503	718 151 208
0.1059899503	9 10 734
0.1059899503	315 820 687
0.1059899503	450 23 930
0.1059899503	450 23 3045
0.1059899503	55 10 769
0.1059899503	55 10 1479
0.1059899503	55 10 1840
0.1059899503	4 108 5835
0.1059899503	1559 23 2925
0.1059899503	55 10 2040
0.1059899503	7 147 148
0.1059899503	718 151 1587
0.1057327296	5 84 5 85 55
0.1057207375	1269 4093 84 8669 85
0.1057207375	729 2 728 132
0.1057207375	1381 265 367 112
0.1057207375	3688 84 14891 85
0.1057207375	140 157 158 687
0.1057207375	461 208 25 679
0.1057207375	2704 7 1345
0.1057207375	161 391 2302
0.1057207375	150 151 839
0.1057207375	3464 768 1076
0.1057207375	711 21 712
0.1057207375	62 2240 2241
0.1057207375	118 170 605
0.1057207375	572 25 687
0.1057207375	17329 946 84
0.1057207375	249 7 259
0.1057207375	1751 60 608
0.1057207375	62 115 603
0.1057207375	535 132 1710
0.1057207375	62 6883 995
0.1057207375	402 4903 2241
0.1057207375	2054 1066 2055
0.1057207375	175 880 84
0.1057207375	62 908 603
0.1057207375	1285 1286 118
0.1057207375	28740 357 84
0.1057207375	729 2 4874
0.1057207375	643 7 482
0.1057207375	608 60 462
0.1057207375	8458 503 84
0.1057207375	130 535 132
0.1057207375	929 25 930
0.1057207375	1085 25 930
0.1057207375	489 25 584
0.1057207375	3945 2518 366
0.1057207375	84 636 637 403 638 85
0.1057207375	5927 2209 720 84 5928
0.1057207375	895 542 145 118
0.1057207375	342 489 25 815
0.1057207375	275 489 25 815
0.1057207375	150 151 1587
0.1057207375	402 7981 2241
0.1057207375	488 21 712
0.1057207375	1919 908 603
0.1057207375	130 129 758
0.1057207375	132 51 3125
0.1057207375	4008 294 84
0.1057207375	908 603 84
0.1057207375	129 535 758
0.1057207375	5260 7 5298
0.1057207375	2554 129 758
0.1057207375	465 827 523
0.1057207375	80 9 1840
0.1057207375	275 9 732
0.1057026350	2 990 51 749
0.1057026350	404 25 82 21
0.1057026350	2 4 147 4
0.1056507375	122 44 108 123
0.1056507375	85 29 108 1027
0.1055501026	118 1277 324
0.1052121726	450 23 367
0.1050375694	619 128 888
0.1049899503	990 265 749 419
0.1049707375	2 130 2 729
0.1049707375	1001 118 25 815
0.1049707375	1001 118 127 342
0.1049707375	130 2 729 342
0.1049707375	1001 118 25 582
0.1049707375	5 29 461 208
0.1049429597	2415 39 1765
0.1049429597	994 144 342
0.1043278804	95 7 567 58 84 1564 85
0.1042958111	44 60 92 5
0.1038625709	567 149 39 68 21
0.1037207375	678 208 25 679
0.1037207375	1305 128 888
0.1037207375	812 1054 2
0.1037207375	6446 21 3467
0.1037207375	5661 503 1259
0.1037207375	1504 188 798
0.1037207375	3463 768 1076
0.1037207375	16898 84 2569
0.1037207375	62 87 946
0.1037207375	21004 27149
0.1037207375	1982 1983
0.1037207375	95 7 567 58
0.1037207375	874 33 875 33
0.1037207375	2023 128 888
0.1037207375	105 25 4834
0.1037207375	7982 246 84
0.1037207375	402 9047 2241
0.1037207375	14453 798 14454
0.1037207375	701 25 692
0.1037207375	84 2358 85
0.1037207375	2029 891 812
0.1037207375	226 768 5188
0.1037207375	1627 991 1247
0.1037207375	4274 4275
0.1037026350	896 82 39
0.1036804265	29 39 334 461
0.1036804265	29 39 334 1679
0.1036804265	990 51 128 991
0.1034549519	2865 21 5 12 39
0.1030954921	112 820 82
0.1030183566	5 84 18066 85
0.1030183566	1014 805 21 5
0.1029899503	4 108 2556
0.1029899503	414 273 1395
0.1029899503	450 23 1575
0.1028625709	720 149 39 68 21
0.1028625709	688 7 693 21 39
0.1023754994	84 14220 85
0.1021773588	29 208 12 39 68
0.1018953075	39 469 21 127 342
0.1018360889	21 39 341 342
0.1018360889	39 688 21 705
0.1017884699	39 68 21 608
0.1017884699	82 5 29 11
0.1017884699	3 4 5 2
0.1017683566	3038 7 3117
0.1017683566	768 1076 84 2011 85
0.1017683566	6502 720 84 14528 85
0.1017683566	346 84 2032 85
0.1017683566	84 682 904
0.1017683566	2 994 144
0.1017683566	729 2 14440
0.1012207043	39 1134 21 1341
0.1012207043	128 798 21 618
0.1012207043	39 736 21 62
0.1012207043	25 584 39 688
0.1012207043	25 815 39 688
0.1011730853	39 68 21 722
0.1011730853	12 1170 7 1346
0.1011730853	128 1055 7 11
0.1011730853	25 1703 39 688
0.1011730853	29 108 11 68
0.1011730853	25 692 39 952
0.1011730853	108 11 7 1055
0.1011730853	265 130 25 930
0.1011730853	29 208 25 679
0.1011730853	25 815 39 952
0.1011730853	21 608 25 462
0.1011730853	25 582 39 688
0.1011730853	315 11 820 5
0.1008625709	651 21 39 78 21
0.1005407043	127 342 2 275
0.1005302281	51 701 25 815
0.1005302281	315 11 820 531
0.1005302281	51 3125 25 815
0.1005302281	51 3125 25 692
0.1005302281	253 39 721 2264
0.1005302281	403 1249 4 11
0.1005025709	567 12 39 68 21
0.1004930853	128 729 2 728
0.1004930853	39 341 342 2
0.1004930853	128 130 2 729
0.1004930853	39 531 144 84
0.1004746726	10 105 25 151 11
0.1001959042	118 39 1001 21 127
0.1001959042	118 39 469 21 127
0.1001403487	5 51 122 44
0.0998978472	128 3324 891
0.0998978472	21 402 8503
0.0998978472	749 991 419
0.0998978472	403 1249 170
0.0998978472	128 3901 726
0.0998978472	7 3008 2599
0.0998978472	4 5835 195
0.0998978472	44 402 8503
0.0998502281	265 1287 11
0.0998502281	4 3416 118
0.0998502281	23 367 1014
0.0998502281	12 1839 687
0.0998502281	12 732 4719
0.0998502281	121 461 208
0.0998502281	127 911 342
0.0998502281	51 367 1303
0.0998502281	403 1249 861
0.0998502281	7 175 880
0.0998502281	44 402 9047
0.0998502281	749 1627 991
0.0998502281	1277 324 1830
0.0998502281	121 678 208
0.0998502281	29 939 208
0.0998502281	7 1248 2602
0.0998502281	403 642 124
0.0998502281	10 678 208
0.0998502281	403 1249 705
0.0998502281	334 461 208
0.0998502281	29 695 11
0.0998502281	128 1627 991
0.0998502281	39 721 5741
0.0997166158	7 693 21 5 12
0.0996833671	2761 6066 44
0.0994736820	118 25 584 39
0.0994736820	208 12 793 44
0.0994736820	688 7 693 12
0.0994736820	85 265 130 25
0.0994736820	85 265 182 44
0.0991730853	39 68 21 3906
0.0990724503	51 3484 182
0.0989651350	469 21 127 342 51 25 584 39
0.0988978472	44 175 880
0.0988978472	149 402 4903
0.0988953075	39 469 21 39 341
0.0985025709	208 149 39 68 21
0.0982429128	688 7 160 21
0.0982429128	815 39 952 21
0.0982429128	688 7 689 21
0.0982429128	461 208 149 39
0.0982429128	903 39 688 21
0.0982429128	1170 7 1346 44
0.0982429128	952 7 693 21
0.0981730853	21 1751 25 608
0.0981730853	25 687 21 904
0.0981730853	44 1751 25 608
0.0981730853	12 397 25 692
0.0981730853	149 39 721 780
0.0978857852	85 29 39 334
0.0978857852	118 127 51 128
0.0977642349	12 793 44 5 12
0.0977042784	688 7 693 21 5
0.0976357699	2023 620 149
0.0975583111	39 691 21 127 342
0.0972429128	1703 39 78 21
0.0972429128	144 84 258 158
0.0968502281	39 474 798
0.0968360889	39 693 7 688
0.0968360889	3 4 5 84
0.0966550160	807 25 151 128
0.0966550160	751 44 1245 21
0.0965524519	5 29 39 334
0.0962207043	12 1751 25 608
0.0962207043	25 692 39 693
0.0962207043	25 815 39 535
0.0959150779	39 688 21 5 12
0.0955407043	128 729 2 130
0.0948978472	273 1886 1395
0.0948978472	128 812 1054
0.0948978472	39 3945 2518
0.0948978472	128 1235 342
0.0948978472	128 4202 28
0.0946550160	469 21 127 342 29 25
0.0940478731	150 151 315
0.0940478731	3303 25 151
0.0940478731	465 2394 23
0.0940478731	3760 3 4
0.0940478731	465 450 23
0.0938525779	39 193 21 5 12
0.0938068425	729 2 728 2
0.0938068425	183 84 3215 85
0.0938068425	989 118 25 692
0.0934864571	39 2865 21 5 12
0.0934864571	39 78 21 5 344
0.0934864571	39 193 21 5 4
0.0934864571	39 229 21 5 344
0.0931639854	183 5 84 17125
0.0930927296	5 29 11 149
0.0927642349	39 193 21 5 149
0.0925568425	5224 60 1434
0.0914864571	7 689 21 5 12
0.0910954921	2916 841 39
0.0904260630	656 21 68 44
0.0904260630	118 25 582 39
0.0904260630	694 118 5 29
0.0904260630	118 25 1703 39
0.0902042868	360 55 10
0.0902042868	990 121 749
0.0902042868	9 23 10
0.0902042868	103 207 151
0.0902042868	718 23 151
0.0902042868	411 450 23
0.0901403487	117 118 5 29 128
0.0898696714	29 122 44 128
0.0898696714	151 11 12 39
0.0898696714	10 208 12 39
0.0898696714	265 751 12 128
0.0898696714	51 25 815 39
0.0898106784	118 5 55 10
0.0898106784	275 751 39 78 21
0.0898106784	815 39 688 21
0.0898106784	117 118 5 55
0.0898106784	692 39 688 7
0.0892542868	25 582 473 39
0.0892542868	55 10 734 25
0.0892542868	827 10 182 44
0.0892542868	51 25 582 473
0.0892542868	127 342 51 25
0.0892542868	12 39 1812 21
0.0892542868	999 128 1415 21
0.0892542868	151 315 11 820
0.0892542868	51 25 584 39
0.0892542868	29 315 11 820
0.0892542868	103 29 1795 82
0.0892542868	29 128 1055 7
0.0892542868	55 10 208 25
0.0892542868	55 10 208 149
0.0892542868	253 39 721 414
0.0892542868	51 238 25 151
0.0892542868	51 105 25 151
0.0891952937	701 25 815 39
0.0891952937	489 25 692 39
0.0891952937	815 39 229 21
0.0891952937	126 118 127 51
0.0891952937	2 275 388 39
0.0891952937	126 118 12 127
0.0891952937	342 51 818 25
0.0891952937	692 39 229 21
0.0891952937	342 51 701 25
0.0891952937	692 39 693 7
0.0891952937	1651 128 20 21
0.0891952937	275 9 769 39
0.0891952937	144 84 1148 158
0.0891952937	692 39 952 21
0.0891952937	5 84 258 158
0.0891952937	567 21 722 149
0.0891952937	1703 39 229 21
0.0891952937	692 39 78 21
0.0891952937	5 807 25 151
0.0891952937	3125 25 692 39
0.0891952937	118 25 582 473
0.0891952937	388 39 229 21
0.0891952937	678 208 12 39
0.0891952937	150 151 11 12
0.0891952937	388 39 78 21
0.0891952937	1535 118 5 29
0.0891952937	145 118 12 127
0.0891952937	2 275 489 25
0.0891952937	342 1268 82
0.0891952937	118 127 342 51
0.0891952937	118 25 4036 39
0.0890927296	126 118 12 128
0.0885881509	124 977 149
0.0885881509	402 1433 21
0.0885881509	275 3174 25
0.0885881509	324 1830 82
0.0885881509	275 912 473
0.0885881509	275 3269 82
0.0885881509	991 1247 12
0.0885881509	991 419 265
0.0885881509	991 1247 251
0.0885881509	324 81 82
0.0885881509	367 315 11 820
0.0885881509	572 140 157 158
0.0885881509	150 641 25
0.0885881509	80 1830 82
0.0885881509	275 5096 128
0.0885881509	324 2580 82
0.0885881509	170 605 7
0.0885881509	275 238 82
0.0885881509	333 1830 82
0.0885881509	1839 80 9
0.0885881509	1416 1830 82
0.0885881509	342 4004 82
0.0885329006	342 29 25 692 39
0.0884260630	692 39 688 21
0.0882519058	4 147 4 39
0.0882042868	207 23 151
0.0881959042	1479 149 39 68 21
0.0881403487	691 118 5 29
0.0879172904	344 39 3014 21
0.0879172904	3 4 5 7
0.0879172904	265 182 44 128
0.0879172904	51 25 692 39
0.0878696714	44 906 5 60
0.0878103731	4974 153 21
0.0874736820	2 5 55 10
0.0874736820	1001 118 5 29
0.0873019058	4 2660 21 128
0.0873019058	403 39 3057 21
0.0873019058	51 25 582 39
0.0873019058	51 25 1703 39
0.0873019058	12 39 5195 21
0.0873019058	344 39 5260 21
0.0873019058	344 39 630 21
0.0873019058	55 10 208 12
0.0872542868	456 2016 25
0.0872542868	619 620 149
0.0872542868	23 1272 25
0.0872542868	251 4200 7
0.0872542868	39 1094 251
0.0872542868	51 3298 25
0.0872542868	29 3497 820
0.0872542868	147 148 7
0.0872542868	147 148 12
0.0872542868	9 1840 82
0.0872542868	25 582 1411
0.0872542868	151 1587 4
0.0872542868	315 1426 820
0.0872542868	55 316 10
0.0871952937	1575 39 3014 21
0.0871952937	584 39 78 21
0.0871952937	118 275 818 128
0.0871952937	769 39 78 21
0.0871952937	68 21 722 149
0.0871952937	912 39 229 21
0.0871952937	693 7 689 21
0.0871952937	3014 7 1248 21
0.0871952937	2 275 266 39
0.0871952937	118 275 3125 128
0.0871952937	465 265 182 44
0.0871952937	266 39 229 21
0.0871952937	912 39 78 21
0.0871952937	342 691 118 25
0.0871952937	342 25 692 39
0.0871952937	584 39 229 21
0.0871952937	342 51 3125 25
0.0869237579	8951 8952
0.0869172904	21 127 342 29
0.0868696714	51 122 44 128
0.0868696714	25 151 11 12
0.0865881509	991 419 12
0.0863019058	25 151 4 11 4
0.0862542868	4 128 107 21
0.0862542868	90 39 3014 21
0.0862542868	29 4 11 4
0.0862542868	29 108 11 7
0.0862519058	4 147 4 12
0.0862429128	1575 39 124 21
0.0862429128	367 112 12 39
0.0862429128	678 208 149 39
0.0862429128	93 48 2 39
0.0856357699	4050 671 21
0.0853019058	12 39 224 21
0.0853019058	44 128 1304 21
0.0853019058	51 315 11 820
0.0853019058	4 108 3240 25
0.0853019058	344 39 716 21
0.0853019058	403 39 780 21
0.0842542868	315 1534 25
0.0842542868	51 1413 4
0.0838464571	39 1134 7 68 21
0.0837988381	39 68 21 1751 25
0.0832689448	342 51 25 815
0.0824099492	128 691 118 25
0.0817945645	128 991 811 12
0.0817945645	82 5 150 151
0.0817945645	29 678 208 12
0.0817945645	128 991 2349 12
0.0817945645	108 11 68 149
0.0817945645	127 342 3047 25
0.0817945645	127 342 751 39
0.0817945645	127 342 266 39
0.0817945645	29 678 208 25
0.0814392234	342 51 25 1703
0.0814392234	342 51 25 584
0.0811242349	44 691 118 25
0.0807592234	691 118 25 584
0.0807592234	691 118 25 342
0.0807592234	691 118 25 692
0.0807592234	691 118 25 1703
0.0807592234	989 118 39 469
0.0807592234	1001 118 25 692
0.0807592234	989 118 25 815
0.0807592234	691 118 39 469
0.0804575682	7 989 118 39
0.0803421836	39 3008 688 21
0.0801321714	25 815 39 78 21
0.0798421836	29 678 208 149
0.0798421836	39 3008 229 21
0.0798421836	128 1504 798 21
0.0798421836	128 130 132 21
0.0798421836	128 743 342 21
0.0798421836	39 3008 688 7
0.0798421836	39 708 688 21
0.0798421836	39 3008 78 21
0.0797945645	29 461 208 149
0.0797945645	39 341 342 51
0.0795092234	130 129 132
0.0795092234	183 1236 84
0.0795092234	342 51 3298
0.0795092234	80 9 105
0.0794392234	85 55 10 208
0.0787945645	128 1220 671 21
0.0787784363	55 10 105
0.0787784363	9 10 105
0.0787784363	55 10 678
0.0787592234	691 118 25 815
0.0787592234	691 118 25 582
0.0787592234	989 118 25 1703
0.0780922333	85 29 170 21 39
0.0778421836	39 721 2264 273
0.0778421836	108 123 124 21
0.0775092234	3324 891 132
0.0763291902	128 581 2 130
0.0760091902	4 11 4 5
0.0760091902	12 39 531 144
0.0759615712	44 608 25 462
0.0755568425	3324 891 342
0.0746387140	286 333 1830
0.0746387140	286 324 1830
0.0746387140	286 1416 1830
0.0746387140	108 1027 2865
0.0739615712	39 567 21 722
0.0739615712	12 39 341 342
0.0738609363	127 342 489
0.0733187140	127 342 51 3125
0.0703846784	170 21 39 334
0.0664290551	39 469 21 127 342 51 25
0.0649249561	126 118 128 161 21
0.0643178133	275 896 82
0.0632033444	5 85 55 10
0.0624058409	39 688 7 693 21
0.0619839492	9 105 82
0.0615993338	21 127 342 265
0.0538094495	1001 21 127 342
0.0531294495	896 82 5
0.0530888373	25 151 128 1055
0.0524865924	275 341 128 20
0.0524459802	265 315 1534
0.0518794495	682 904 687
0.0518794495	84 636 637
0.0518794495	443 663 1785 84
0.0495666151	10 208 25 679
0.0495666151	25 584 39 229
0.0482437579	44 1518 7238
0.0450983568	1651 39 20 21
0.0450983568	266 39 688 7
0.0450983568	5 84 1148 158
0.0450983568	84 33148 85 29
0.0444912140	860 1305 128
0.0444912140	130 25 930 906
0.0408555224	265 367 112 12
0.0315176848	275 1651 128 20
0.0295619932	127 342 51 701
